###### STEADY STATE; t = 210.0
# z = 0
20.0 20.0 20.0 20.0 20.0 20.0 20.0 20.0 20.0 20.0 20.0 20.0 20.0 20.0 20.0 20.0 20.0 20.0 20.0 20.0 20.0 20.0 20.0 20.0 20.0 20.0 20.0 20.0 20.0 20.0 20.0 20.0 20.0 20.0 20.0 20.0 20.0 20.0 
20.0 20.0 20.0 20.0 20.0 20.0 20.0 20.0 20.0 20.0 20.0 20.0 20.0 20.0 20.0 20.0 20.0 20.0 20.0 20.0 20.0 20.0 20.0 20.0 20.0 20.0 20.0 20.0 20.0 20.0 20.0 20.0 20.0 20.0 20.0 20.0 20.0 20.0 
# z = 0.004
20.2 20.3 20.3 20.3 20.3 20.4 20.4 20.4 20.5 20.5 20.6 20.6 20.6 20.7 20.7 20.8 20.8 20.8 20.8 20.9 20.9 20.9 20.8 20.8 20.8 20.7 20.7 20.7 20.6 20.6 20.5 20.5 20.5 20.4 20.4 20.4 20.4 20.4 
20.2 20.3 20.3 20.3 20.3 20.4 20.4 20.4 20.5 20.5 20.6 20.6 20.6 20.7 20.7 20.8 20.8 20.8 20.8 20.9 20.9 20.9 20.8 20.8 20.8 20.7 20.7 20.7 20.6 20.6 20.5 20.5 20.5 20.4 20.4 20.4 20.4 20.4 
# z = 0.008
20.5 20.6 20.6 20.6 20.7 20.7 20.8 20.9 21.0 21.0 21.1 21.2 21.3 21.4 21.5 21.6 21.6 21.7 21.7 21.8 21.8 21.7 21.7 21.7 21.6 21.5 21.5 21.4 21.3 21.2 21.1 21.0 21.0 20.9 20.9 20.8 20.8 20.7 
20.5 20.6 20.6 20.6 20.7 20.7 20.8 20.9 21.0 21.0 21.1 21.2 21.3 21.4 21.5 21.6 21.6 21.7 21.7 21.8 21.8 21.7 21.7 21.7 21.6 21.5 21.5 21.4 21.3 21.2 21.1 21.0 21.0 20.9 20.9 20.8 20.8 20.7 
# z = 0.012
20.8 20.9 20.9 21.0 21.1 21.1 21.2 21.4 21.5 21.6 21.8 21.9 22.0 22.2 22.3 22.4 22.5 22.6 22.7 22.7 22.7 22.7 22.6 22.6 22.5 22.4 22.2 22.1 22.0 21.8 21.7 21.6 21.5 21.4 21.3 21.3 21.2 21.2 
20.8 20.9 20.9 21.0 21.1 21.1 21.2 21.4 21.5 21.6 21.8 21.9 22.0 22.2 22.3 22.4 22.5 22.6 22.7 22.7 22.7 22.7 22.6 22.6 22.5 22.4 22.2 22.1 22.0 21.8 21.7 21.6 21.5 21.4 21.3 21.3 21.2 21.2 
# z = 0.016
21.2 21.2 21.3 21.4 21.5 21.6 21.7 21.9 22.0 22.2 22.4 22.6 22.8 23.0 23.2 23.3 23.5 23.6 23.7 23.7 23.7 23.7 23.6 23.5 23.4 23.2 23.0 22.9 22.7 22.5 22.3 22.2 22.1 21.9 21.8 21.7 21.7 21.6 
21.2 21.2 21.3 21.4 21.5 21.6 21.7 21.9 22.0 22.2 22.4 22.6 22.8 23.0 23.2 23.3 23.5 23.6 23.7 23.7 23.7 23.7 23.6 23.5 23.4 23.2 23.0 22.9 22.7 22.5 22.3 22.2 22.1 21.9 21.8 21.7 21.7 21.6 
# z = 0.02
21.5 21.6 21.7 21.8 21.9 22.0 22.2 22.4 22.6 22.8 23.1 23.3 23.6 23.8 24.1 24.3 24.5 24.6 24.7 24.8 24.8 24.7 24.7 24.5 24.3 24.1 23.9 23.7 23.4 23.2 23.0 22.8 22.6 22.5 22.3 22.2 22.1 22.1 
21.5 21.6 21.7 21.8 21.9 22.0 22.2 22.4 22.6 22.8 23.1 23.3 23.6 23.8 24.1 24.3 24.5 24.6 24.7 24.8 24.8 24.7 24.7 24.5 24.3 24.1 23.9 23.7 23.4 23.2 23.0 22.8 22.6 22.5 22.3 22.2 22.1 22.1 
# z = 0.024
21.9 22.0 22.0 22.2 22.3 22.5 22.7 22.9 23.2 23.5 23.8 24.1 24.4 24.7 25.0 25.3 25.6 25.8 25.9 26.0 26.0 25.9 25.8 25.6 25.4 25.1 24.8 24.5 24.2 23.9 23.7 23.4 23.2 23.0 22.8 22.7 22.6 22.6 
21.9 22.0 22.0 22.2 22.3 22.5 22.7 22.9 23.2 23.5 23.8 24.1 24.4 24.7 25.0 25.3 25.6 25.8 25.9 26.0 26.0 25.9 25.8 25.6 25.4 25.1 24.8 24.5 24.2 23.9 23.7 23.4 23.2 23.0 22.8 22.7 22.6 22.6 
# z = 0.028
22.3 22.3 22.4 22.6 22.7 22.9 23.2 23.5 23.8 24.1 24.5 24.9 25.3 25.7 26.1 26.4 26.7 27.0 27.1 27.2 27.2 27.1 27.0 26.8 26.5 26.1 25.8 25.4 25.0 24.7 24.3 24.0 23.8 23.5 23.4 23.2 23.1 23.0 
22.3 22.3 22.4 22.6 22.7 22.9 23.2 23.5 23.8 24.1 24.5 24.9 25.3 25.7 26.1 26.4 26.7 27.0 27.1 27.2 27.2 27.1 27.0 26.8 26.5 26.1 25.8 25.4 25.0 24.7 24.3 24.0 23.8 23.5 23.4 23.2 23.1 23.0 
# z = 0.032
22.6 22.7 22.8 23.0 23.2 23.4 23.7 24.0 24.3 24.8 25.2 25.7 26.2 26.7 27.1 27.6 28.0 28.3 28.5 28.6 28.6 28.5 28.3 28.0 27.6 27.2 26.8 26.3 25.8 25.4 25.0 24.6 24.3 24.1 23.9 23.7 23.6 23.5 
22.6 22.7 22.8 23.0 23.2 23.4 23.7 24.0 24.3 24.8 25.2 25.7 26.2 26.7 27.1 27.6 28.0 28.3 28.5 28.6 28.6 28.5 28.3 28.0 27.6 27.2 26.8 26.3 25.8 25.4 25.0 24.6 24.3 24.1 23.9 23.7 23.6 23.5 
# z = 0.036
23.0 23.1 23.2 23.4 23.6 23.8 24.2 24.5 24.9 25.4 25.9 26.5 27.1 27.7 28.3 28.8 29.3 29.7 30.0 30.2 30.1 30.0 29.7 29.4 28.9 28.4 27.8 27.2 26.6 26.1 25.7 25.2 24.9 24.6 24.4 24.2 24.0 24.0 
23.0 23.1 23.2 23.4 23.6 23.8 24.2 24.5 24.9 25.4 25.9 26.5 27.1 27.7 28.3 28.8 29.3 29.7 30.0 30.1 30.1 30.0 29.7 29.4 28.9 28.4 27.8 27.2 26.6 26.1 25.7 25.2 24.9 24.6 24.4 24.2 24.0 24.0 
# z = 0.04
23.3 23.4 23.6 23.7 24.0 24.3 24.6 25.0 25.5 26.0 26.6 27.3 28.0 28.8 29.5 30.2 30.8 31.4 31.7 31.9 31.9 31.6 31.3 30.9 30.3 29.6 28.9 28.1 27.4 26.8 26.3 25.8 25.4 25.1 24.8 24.6 24.5 24.4 
23.3 23.4 23.6 23.7 24.0 24.3 24.6 25.0 25.5 26.0 26.6 27.3 28.0 28.8 29.5 30.2 30.8 31.3 31.7 31.8 31.8 31.6 31.3 30.8 30.3 29.6 28.9 28.1 27.4 26.8 26.3 25.8 25.4 25.1 24.8 24.6 24.5 24.4 
# z = 0.044
23.7 23.8 23.9 24.1 24.4 24.7 25.1 25.5 26.0 26.6 27.3 28.1 29.0 30.0 30.8 31.7 32.5 33.2 33.8 33.9 33.8 33.4 33.1 32.6 32.0 31.1 30.0 29.0 28.2 27.5 26.9 26.4 25.9 25.6 25.3 25.1 24.9 24.8 
23.7 23.8 23.9 24.1 24.4 24.7 25.1 25.5 26.0 26.6 27.3 28.1 29.0 29.9 30.7 31.6 32.4 33.1 33.5 33.7 33.6 33.3 32.9 32.4 31.7 30.9 29.9 29.0 28.2 27.5 26.9 26.4 25.9 25.6 25.3 25.1 24.9 24.8 
# z = 0.048
24.0 24.1 24.2 24.4 24.7 25.1 25.5 25.9 26.5 27.2 27.9 28.8 30.0 31.6 32.2 33.6 34.2 35.6 36.4 36.6 36.3 35.3 35.3 34.8 34.0 32.9 31.1 29.9 28.9 28.1 27.4 26.9 26.4 26.0 25.7 25.5 25.3 25.2 
24.0 24.1 24.2 24.4 24.7 25.1 25.5 25.9 26.5 27.2 27.9 28.8 29.8 31.0 31.9 33.0 33.9 34.8 35.5 35.7 35.5 35.0 34.6 34.0 33.2 32.2 30.9 29.8 28.9 28.1 27.4 26.9 26.4 26.0 25.7 25.5 25.3 25.2 
# z = 0.052
24.3 24.4 24.5 24.8 25.0 25.4 25.8 26.3 26.9 27.6 28.4 29.4 30.6 32.3 33.1 34.6 35.4 37.1 38.0 38.3 37.8 36.6 36.4 35.8 34.9 33.7 31.8 30.5 29.5 28.6 27.9 27.3 26.8 26.4 26.1 25.8 25.7 25.6 
24.3 24.4 24.5 24.8 25.0 25.4 25.8 26.3 26.9 27.6 28.4 29.4 30.5 31.7 32.8 34.0 35.1 36.2 37.0 37.2 36.9 36.2 35.7 35.0 34.1 33.0 31.6 30.5 29.5 28.6 27.9 27.3 26.8 26.4 26.1 25.8 25.7 25.6 
# z = 0.056
24.6 24.7 24.8 25.0 25.3 25.7 26.1 26.7 27.3 28.0 28.8 29.8 31.0 32.2 33.4 34.7 36.1 38.1 39.1 39.3 38.8 37.3 36.4 35.6 34.6 33.5 32.1 30.9 29.9 29.0 28.3 27.7 27.2 26.7 26.4 26.2 26.0 25.9 
24.6 24.7 24.8 25.0 25.3 25.7 26.1 26.7 27.3 28.0 28.8 29.8 30.9 32.1 33.3 34.5 35.8 37.1 37.9 38.2 37.8 37.0 36.2 35.3 34.4 33.3 32.1 30.9 29.9 29.0 28.3 27.7 27.2 26.7 26.4 26.2 26.0 25.9 
# z = 0.06
24.8 24.9 25.1 25.3 25.6 25.9 26.4 26.9 27.6 28.3 29.1 30.1 31.2 32.5 33.7 35.0 36.5 38.5 39.6 39.8 39.3 37.7 36.7 35.8 34.8 33.6 32.4 31.3 30.2 29.4 28.6 28.0 27.5 27.0 26.7 26.4 26.3 26.2 
24.8 24.9 25.1 25.3 25.6 25.9 26.4 26.9 27.6 28.3 29.1 30.1 31.2 32.4 33.6 34.9 36.2 37.6 38.5 38.7 38.3 37.4 36.5 35.6 34.6 33.5 32.4 31.2 30.2 29.4 28.6 28.0 27.5 27.0 26.7 26.4 26.3 26.2 
# z = 0.064
25.0 25.1 25.3 25.5 25.8 26.2 26.6 27.1 27.8 28.5 29.4 30.3 31.5 32.8 33.9 35.3 36.7 38.6 39.6 39.9 39.4 37.9 37.0 36.2 35.2 34.0 32.7 31.5 30.5 29.6 28.9 28.2 27.7 27.3 26.9 26.7 26.5 26.4 
25.0 25.1 25.3 25.5 25.8 26.2 26.6 27.1 27.8 28.5 29.3 30.3 31.4 32.6 33.8 35.1 36.4 37.7 38.5 38.8 38.4 37.6 36.8 35.9 35.0 33.8 32.6 31.5 30.5 29.6 28.9 28.2 27.7 27.3 26.9 26.7 26.5 26.4 
# z = 0.068
25.2 25.3 25.4 25.7 26.0 26.3 26.8 27.3 27.9 28.6 29.5 30.5 31.7 33.4 34.2 35.8 36.5 38.3 39.2 39.4 39.0 37.8 37.6 37.0 36.1 34.8 32.9 31.6 30.6 29.7 29.0 28.4 27.9 27.5 27.1 26.9 26.7 26.6 
25.2 25.3 25.4 25.7 26.0 26.3 26.8 27.3 27.9 28.6 29.5 30.4 31.6 32.8 33.9 35.1 36.2 37.4 38.1 38.3 38.1 37.4 36.8 36.1 35.2 34.1 32.8 31.6 30.6 29.7 29.0 28.4 27.9 27.5 27.1 26.9 26.7 26.6 
# z = 0.072
25.3 25.4 25.6 25.8 26.1 26.4 26.9 27.4 28.0 28.7 29.5 30.4 31.6 33.2 33.9 35.3 35.9 37.4 38.1 38.3 38.0 37.1 37.1 36.6 35.8 34.6 32.8 31.5 30.6 29.8 29.1 28.5 28.0 27.6 27.3 27.0 26.9 26.7 
25.3 25.4 25.6 25.8 26.1 26.4 26.9 27.4 28.0 28.7 29.5 30.4 31.4 32.6 33.6 34.7 35.6 36.6 37.2 37.4 37.2 36.7 36.3 35.7 34.9 33.9 32.6 31.5 30.6 29.8 29.1 28.5 28.0 27.6 27.3 27.0 26.9 26.7 
# z = 0.076
25.4 25.5 25.7 25.9 26.2 26.5 26.9 27.4 28.0 28.6 29.4 30.2 31.1 32.2 33.0 34.0 34.7 35.5 36.1 36.3 36.2 35.8 35.5 35.0 34.3 33.4 32.3 31.3 30.4 29.7 29.1 28.5 28.1 27.7 27.4 27.1 27.0 26.9 
25.4 25.5 25.7 25.9 26.2 26.5 26.9 27.4 28.0 28.6 29.4 30.2 31.1 32.1 33.0 33.8 34.6 35.3 35.8 36.0 36.0 35.6 35.3 34.8 34.1 33.2 32.2 31.3 30.4 29.7 29.1 28.5 28.1 27.7 27.4 27.1 27.0 26.9 
# z = 0.08
25.5 25.6 25.8 26.0 26.2 26.6 27.0 27.4 27.9 28.5 29.2 29.9 30.7 31.5 32.3 33.0 33.7 34.3 34.6 34.8 34.8 34.6 34.3 33.8 33.2 32.5 31.7 30.9 30.2 29.6 29.0 28.5 28.1 27.7 27.4 27.2 27.1 27.0 
25.5 25.6 25.8 26.0 26.2 26.6 27.0 27.4 27.9 28.5 29.2 29.9 30.7 31.5 32.3 33.0 33.6 34.2 34.6 34.8 34.7 34.5 34.2 33.8 33.2 32.5 31.7 30.9 30.2 29.6 29.0 28.5 28.1 27.7 27.4 27.2 27.1 27.0 
# z = 0.084
25.6 25.7 25.8 26.0 26.3 26.6 27.0 27.4 27.9 28.4 29.0 29.6 30.3 31.0 31.6 32.2 32.8 33.2 33.5 33.7 33.7 33.5 33.3 32.9 32.4 31.8 31.2 30.6 30.0 29.4 28.9 28.5 28.1 27.7 27.5 27.3 27.1 27.0 
25.6 25.7 25.8 26.0 26.3 26.6 27.0 27.4 27.9 28.4 29.0 29.6 30.3 31.0 31.6 32.2 32.8 33.2 33.5 33.7 33.7 33.5 33.3 32.9 32.4 31.8 31.2 30.6 30.0 29.4 28.9 28.5 28.1 27.7 27.5 27.3 27.1 27.0 
# z = 0.088
25.6 25.7 25.9 26.1 26.3 26.6 26.9 27.3 27.8 28.3 28.8 29.3 29.9 30.5 31.0 31.6 32.0 32.4 32.6 32.8 32.8 32.7 32.4 32.1 31.7 31.3 30.8 30.2 29.7 29.2 28.8 28.4 28.0 27.7 27.5 27.3 27.1 27.1 
25.6 25.7 25.9 26.1 26.3 26.6 26.9 27.3 27.8 28.3 28.8 29.3 29.9 30.5 31.0 31.5 32.0 32.4 32.6 32.8 32.8 32.7 32.4 32.1 31.7 31.3 30.8 30.2 29.7 29.2 28.8 28.4 28.0 27.7 27.5 27.3 27.1 27.1 
# z = 0.092
25.7 25.8 25.9 26.1 26.3 26.6 26.9 27.3 27.7 28.1 28.6 29.1 29.6 30.1 30.5 31.0 31.4 31.7 31.9 32.0 32.0 31.9 31.8 31.5 31.2 30.8 30.4 29.9 29.5 29.1 28.7 28.3 28.0 27.7 27.5 27.3 27.2 27.1 
25.7 25.8 25.9 26.1 26.3 26.6 26.9 27.3 27.7 28.1 28.6 29.1 29.6 30.1 30.5 31.0 31.3 31.7 31.9 32.0 32.0 31.9 31.8 31.5 31.2 30.8 30.4 29.9 29.5 29.1 28.7 28.3 28.0 27.7 27.5 27.3 27.2 27.1 
# z = 0.096
25.7 25.8 25.9 26.1 26.3 26.5 26.8 27.2 27.5 27.9 28.4 28.8 29.3 29.7 30.1 30.5 30.8 31.1 31.3 31.4 31.4 31.3 31.2 31.0 30.7 30.4 30.0 29.6 29.3 28.9 28.5 28.2 27.9 27.7 27.4 27.3 27.2 27.1 
25.7 25.8 25.9 26.1 26.3 26.5 26.8 27.2 27.5 27.9 28.4 28.8 29.3 29.7 30.1 30.5 30.8 31.1 31.3 31.4 31.4 31.3 31.2 31.0 30.7 30.4 30.0 29.6 29.3 28.9 28.5 28.2 27.9 27.7 27.4 27.3 27.2 27.1 
# z = 0.1
25.7 25.8 25.9 26.1 26.3 26.5 26.8 27.1 27.4 27.8 28.2 28.6 29.0 29.4 29.7 30.1 30.4 30.6 30.8 30.9 30.9 30.8 30.7 30.5 30.3 30.0 29.7 29.4 29.1 28.7 28.4 28.1 27.8 27.6 27.4 27.3 27.1 27.1 
25.7 25.8 25.9 26.1 26.3 26.5 26.8 27.1 27.4 27.8 28.2 28.6 29.0 29.4 29.7 30.1 30.4 30.6 30.8 30.9 30.9 30.8 30.7 30.5 30.3 30.0 29.7 29.4 29.1 28.7 28.4 28.1 27.8 27.6 27.4 27.3 27.1 27.1 
# z = 0.104
25.7 25.8 25.9 26.0 26.2 26.5 26.7 27.0 27.3 27.7 28.0 28.4 28.8 29.1 29.5 29.8 30.0 30.2 30.4 30.5 30.5 30.4 30.3 30.2 30.0 29.7 29.5 29.2 28.9 28.6 28.3 28.0 27.8 27.6 27.4 27.2 27.1 27.0 
25.7 25.8 25.9 26.0 26.2 26.5 26.7 27.0 27.3 27.7 28.0 28.4 28.8 29.1 29.5 29.8 30.0 30.2 30.4 30.5 30.5 30.4 30.3 30.2 30.0 29.7 29.5 29.2 28.9 28.6 28.3 28.0 27.8 27.6 27.4 27.2 27.1 27.0 
# z = 0.108
25.7 25.7 25.9 26.0 26.2 26.4 26.7 27.0 27.3 27.6 27.9 28.3 28.6 28.9 29.2 29.5 29.7 29.9 30.1 30.2 30.2 30.2 30.1 29.9 29.7 29.5 29.3 29.0 28.7 28.5 28.2 27.9 27.7 27.5 27.3 27.2 27.1 27.0 
25.7 25.7 25.9 26.0 26.2 26.4 26.7 27.0 27.3 27.6 27.9 28.3 28.6 28.9 29.2 29.5 29.7 29.9 30.1 30.2 30.2 30.2 30.1 29.9 29.7 29.5 29.3 29.0 28.7 28.5 28.2 27.9 27.7 27.5 27.3 27.2 27.1 27.0 
# z = 0.112
25.6 25.7 25.8 26.0 26.2 26.4 26.6 26.9 27.2 27.5 27.8 28.2 28.5 28.8 29.1 29.3 29.6 29.7 29.9 30.0 30.0 29.9 29.9 29.7 29.6 29.4 29.1 28.9 28.6 28.4 28.1 27.9 27.7 27.5 27.3 27.2 27.1 27.0 
25.6 25.7 25.8 26.0 26.2 26.4 26.6 26.9 27.2 27.5 27.8 28.2 28.5 28.8 29.1 29.3 29.6 29.7 29.9 30.0 30.0 29.9 29.9 29.7 29.6 29.4 29.1 28.9 28.6 28.4 28.1 27.9 27.7 27.5 27.3 27.2 27.1 27.0 
# z = 0.116
25.6 25.7 25.8 25.9 26.1 26.3 26.6 26.8 27.1 27.4 27.8 28.1 28.4 28.7 29.0 29.2 29.4 29.6 29.8 29.8 29.9 29.8 29.8 29.6 29.5 29.3 29.1 28.8 28.6 28.3 28.1 27.8 27.6 27.4 27.3 27.1 27.0 27.0 
25.6 25.7 25.8 25.9 26.1 26.3 26.6 26.8 27.1 27.4 27.8 28.1 28.4 28.7 29.0 29.2 29.4 29.6 29.8 29.8 29.9 29.8 29.8 29.6 29.5 29.3 29.1 28.8 28.6 28.3 28.1 27.8 27.6 27.4 27.3 27.1 27.0 27.0 

