# z = 0
20.0 20.0 20.0 20.0 20.0 20.0 20.0 20.0 20.0 20.0 20.0 20.0 20.0 20.0 20.0 20.0 20.0 20.0 20.0 20.0 20.0 20.0 20.0 20.0 20.0 20.0 20.0 20.0 20.0 20.0 20.0 20.0 20.0 20.0 20.0 20.0 20.0 20.0 20.0 20.0 20.0 20.0 20.0 20.0 20.0 20.0 20.0 20.0 20.0 20.0 20.0 20.0 20.0 20.0 20.0 20.0 20.0 20.0 20.0 20.0 20.0 20.0 20.0 20.0 20.0 20.0 20.0 20.0 20.0 20.0 20.0 20.0 20.0 20.0 20.0 
20.0 20.0 20.0 20.0 20.0 20.0 20.0 20.0 20.0 20.0 20.0 20.0 20.0 20.0 20.0 20.0 20.0 20.0 20.0 20.0 20.0 20.0 20.0 20.0 20.0 20.0 20.0 20.0 20.0 20.0 20.0 20.0 20.0 20.0 20.0 20.0 20.0 20.0 20.0 20.0 20.0 20.0 20.0 20.0 20.0 20.0 20.0 20.0 20.0 20.0 20.0 20.0 20.0 20.0 20.0 20.0 20.0 20.0 20.0 20.0 20.0 20.0 20.0 20.0 20.0 20.0 20.0 20.0 20.0 20.0 20.0 20.0 20.0 20.0 20.0 
20.0 20.0 20.0 20.0 20.0 20.0 20.0 20.0 20.0 20.0 20.0 20.0 20.0 20.0 20.0 20.0 20.0 20.0 20.0 20.0 20.0 20.0 20.0 20.0 20.0 20.0 20.0 20.0 20.0 20.0 20.0 20.0 20.0 20.0 20.0 20.0 20.0 20.0 20.0 20.0 20.0 20.0 20.0 20.0 20.0 20.0 20.0 20.0 20.0 20.0 20.0 20.0 20.0 20.0 20.0 20.0 20.0 20.0 20.0 20.0 20.0 20.0 20.0 20.0 20.0 20.0 20.0 20.0 20.0 20.0 20.0 20.0 20.0 20.0 20.0 
20.0 20.0 20.0 20.0 20.0 20.0 20.0 20.0 20.0 20.0 20.0 20.0 20.0 20.0 20.0 20.0 20.0 20.0 20.0 20.0 20.0 20.0 20.0 20.0 20.0 20.0 20.0 20.0 20.0 20.0 20.0 20.0 20.0 20.0 20.0 20.0 20.0 20.0 20.0 20.0 20.0 20.0 20.0 20.0 20.0 20.0 20.0 20.0 20.0 20.0 20.0 20.0 20.0 20.0 20.0 20.0 20.0 20.0 20.0 20.0 20.0 20.0 20.0 20.0 20.0 20.0 20.0 20.0 20.0 20.0 20.0 20.0 20.0 20.0 20.0 
# z = 0.002
20.6 20.7 20.7 20.7 20.7 20.7 20.7 20.7 20.7 20.7 20.8 20.8 20.8 20.8 20.8 20.9 20.9 20.9 20.9 21.0 21.0 21.0 21.0 21.1 21.1 21.1 21.1 21.1 21.2 21.2 21.2 21.2 21.2 21.3 21.3 21.3 21.3 21.3 21.3 21.3 21.3 21.3 21.3 21.3 21.3 21.2 21.2 21.2 21.2 21.2 21.2 21.1 21.1 21.1 21.1 21.0 21.0 21.0 21.0 21.0 20.9 20.9 20.9 20.9 20.9 20.8 20.8 20.8 20.8 20.8 20.8 20.8 20.7 20.7 20.7 
20.6 20.7 20.7 20.7 20.7 20.7 20.7 20.7 20.7 20.8 20.8 20.8 20.8 20.8 20.8 20.9 20.9 20.9 20.9 21.0 21.0 21.0 21.0 21.1 21.1 21.1 21.1 21.2 21.2 21.2 21.2 21.2 21.2 21.3 21.3 21.3 21.3 21.3 21.3 21.3 21.3 21.3 21.3 21.3 21.3 21.3 21.2 21.2 21.2 21.2 21.2 21.1 21.1 21.1 21.1 21.1 21.0 21.0 21.0 21.0 20.9 20.9 20.9 20.9 20.9 20.8 20.8 20.8 20.8 20.8 20.8 20.8 20.8 20.7 20.7 
20.6 20.7 20.7 20.7 20.7 20.7 20.7 20.7 20.7 20.8 20.8 20.8 20.8 20.8 20.8 20.9 20.9 20.9 20.9 21.0 21.0 21.0 21.0 21.1 21.1 21.1 21.1 21.2 21.2 21.2 21.2 21.2 21.2 21.3 21.3 21.3 21.3 21.3 21.3 21.3 21.3 21.3 21.3 21.3 21.3 21.3 21.2 21.2 21.2 21.2 21.2 21.1 21.1 21.1 21.1 21.1 21.0 21.0 21.0 21.0 20.9 20.9 20.9 20.9 20.9 20.8 20.8 20.8 20.8 20.8 20.8 20.8 20.8 20.7 20.7 
20.6 20.7 20.7 20.7 20.7 20.7 20.7 20.7 20.7 20.7 20.8 20.8 20.8 20.8 20.8 20.9 20.9 20.9 20.9 21.0 21.0 21.0 21.0 21.1 21.1 21.1 21.1 21.1 21.2 21.2 21.2 21.2 21.2 21.3 21.3 21.3 21.3 21.3 21.3 21.3 21.3 21.3 21.3 21.3 21.3 21.2 21.2 21.2 21.2 21.2 21.2 21.1 21.1 21.1 21.1 21.0 21.0 21.0 21.0 21.0 20.9 20.9 20.9 20.9 20.9 20.8 20.8 20.8 20.8 20.8 20.8 20.8 20.7 20.7 20.7 
# z = 0.004
21.3 21.3 21.3 21.4 21.4 21.4 21.4 21.5 21.5 21.5 21.5 21.6 21.6 21.7 21.7 21.7 21.8 21.8 21.9 21.9 22.0 22.0 22.1 22.1 22.2 22.2 22.3 22.3 22.4 22.4 22.4 22.5 22.5 22.5 22.5 22.6 22.6 22.6 22.6 22.6 22.6 22.6 22.6 22.6 22.5 22.5 22.5 22.4 22.4 22.4 22.3 22.3 22.2 22.2 22.1 22.1 22.1 22.0 22.0 21.9 21.9 21.8 21.8 21.8 21.7 21.7 21.7 21.6 21.6 21.6 21.6 21.5 21.5 21.5 21.5 
21.3 21.3 21.4 21.4 21.4 21.4 21.4 21.5 21.5 21.5 21.6 21.6 21.6 21.7 21.7 21.8 21.8 21.8 21.9 21.9 22.0 22.0 22.1 22.1 22.2 22.2 22.3 22.3 22.4 22.4 22.4 22.5 22.5 22.5 22.6 22.6 22.6 22.6 22.6 22.6 22.6 22.6 22.6 22.6 22.5 22.5 22.5 22.5 22.4 22.4 22.3 22.3 22.3 22.2 22.2 22.1 22.1 22.0 22.0 21.9 21.9 21.8 21.8 21.8 21.7 21.7 21.7 21.6 21.6 21.6 21.6 21.5 21.5 21.5 21.5 
21.3 21.3 21.4 21.4 21.4 21.4 21.4 21.5 21.5 21.5 21.6 21.6 21.6 21.7 21.7 21.8 21.8 21.8 21.9 21.9 22.0 22.0 22.1 22.1 22.2 22.2 22.3 22.3 22.4 22.4 22.4 22.5 22.5 22.5 22.6 22.6 22.6 22.6 22.6 22.6 22.6 22.6 22.6 22.6 22.5 22.5 22.5 22.5 22.4 22.4 22.3 22.3 22.3 22.2 22.2 22.1 22.1 22.0 22.0 21.9 21.9 21.8 21.8 21.8 21.7 21.7 21.7 21.6 21.6 21.6 21.6 21.5 21.5 21.5 21.5 
21.3 21.3 21.3 21.4 21.4 21.4 21.4 21.5 21.5 21.5 21.5 21.6 21.6 21.7 21.7 21.7 21.8 21.8 21.9 21.9 22.0 22.0 22.1 22.1 22.2 22.2 22.3 22.3 22.4 22.4 22.4 22.5 22.5 22.5 22.5 22.6 22.6 22.6 22.6 22.6 22.6 22.6 22.6 22.6 22.5 22.5 22.5 22.4 22.4 22.4 22.3 22.3 22.2 22.2 22.1 22.1 22.1 22.0 22.0 21.9 21.9 21.8 21.8 21.8 21.7 21.7 21.7 21.6 21.6 21.6 21.6 21.5 21.5 21.5 21.5 
# z = 0.006
22.0 22.0 22.0 22.1 22.1 22.1 22.2 22.2 22.2 22.3 22.3 22.4 22.4 22.5 22.6 22.6 22.7 22.8 22.8 22.9 23.0 23.1 23.1 23.2 23.3 23.4 23.4 23.5 23.6 23.6 23.7 23.7 23.8 23.8 23.8 23.9 23.9 23.9 23.9 23.9 23.9 23.9 23.9 23.9 23.8 23.8 23.7 23.7 23.6 23.6 23.5 23.5 23.4 23.3 23.2 23.2 23.1 23.0 23.0 22.9 22.8 22.8 22.7 22.7 22.6 22.5 22.5 22.5 22.4 22.4 22.3 22.3 22.3 22.3 22.2 
22.0 22.0 22.0 22.1 22.1 22.1 22.2 22.2 22.3 22.3 22.3 22.4 22.5 22.5 22.6 22.6 22.7 22.8 22.9 22.9 23.0 23.1 23.2 23.2 23.3 23.4 23.4 23.5 23.6 23.6 23.7 23.7 23.8 23.8 23.9 23.9 23.9 23.9 23.9 23.9 23.9 23.9 23.9 23.9 23.8 23.8 23.8 23.7 23.7 23.6 23.5 23.5 23.4 23.3 23.3 23.2 23.1 23.0 23.0 22.9 22.8 22.8 22.7 22.7 22.6 22.6 22.5 22.5 22.4 22.4 22.4 22.3 22.3 22.3 22.3 
22.0 22.0 22.0 22.1 22.1 22.1 22.2 22.2 22.3 22.3 22.3 22.4 22.5 22.5 22.6 22.6 22.7 22.8 22.9 22.9 23.0 23.1 23.2 23.2 23.3 23.4 23.4 23.5 23.6 23.6 23.7 23.7 23.8 23.8 23.9 23.9 23.9 23.9 23.9 23.9 23.9 23.9 23.9 23.9 23.8 23.8 23.8 23.7 23.7 23.6 23.5 23.5 23.4 23.3 23.3 23.2 23.1 23.0 23.0 22.9 22.8 22.8 22.7 22.7 22.6 22.6 22.5 22.5 22.4 22.4 22.4 22.3 22.3 22.3 22.3 
22.0 22.0 22.0 22.1 22.1 22.1 22.2 22.2 22.2 22.3 22.3 22.4 22.4 22.5 22.6 22.6 22.7 22.8 22.8 22.9 23.0 23.1 23.1 23.2 23.3 23.4 23.4 23.5 23.6 23.6 23.7 23.7 23.8 23.8 23.8 23.9 23.9 23.9 23.9 23.9 23.9 23.9 23.9 23.9 23.8 23.8 23.7 23.7 23.6 23.6 23.5 23.5 23.4 23.3 23.2 23.2 23.1 23.0 23.0 22.9 22.8 22.8 22.7 22.7 22.6 22.5 22.5 22.5 22.4 22.4 22.3 22.3 22.3 22.3 22.2 
# z = 0.008
22.7 22.7 22.7 22.8 22.8 22.9 22.9 23.0 23.0 23.1 23.1 23.2 23.3 23.4 23.4 23.5 23.6 23.7 23.8 23.9 24.0 24.1 24.2 24.3 24.4 24.5 24.6 24.7 24.8 24.9 24.9 25.0 25.1 25.1 25.2 25.2 25.2 25.3 25.3 25.3 25.3 25.2 25.2 25.2 25.1 25.1 25.0 25.0 24.9 24.8 24.7 24.6 24.5 24.5 24.4 24.3 24.2 24.1 24.0 23.9 23.8 23.7 23.6 23.6 23.5 23.4 23.4 23.3 23.2 23.2 23.2 23.1 23.1 23.1 23.0 
22.7 22.7 22.8 22.8 22.8 22.9 22.9 23.0 23.0 23.1 23.1 23.2 23.3 23.4 23.5 23.5 23.6 23.7 23.8 23.9 24.0 24.1 24.2 24.3 24.4 24.5 24.6 24.7 24.8 24.9 25.0 25.0 25.1 25.1 25.2 25.2 25.3 25.3 25.3 25.3 25.3 25.3 25.2 25.2 25.2 25.1 25.0 25.0 24.9 24.8 24.7 24.7 24.6 24.5 24.4 24.3 24.2 24.1 24.0 23.9 23.8 23.7 23.7 23.6 23.5 23.4 23.4 23.3 23.3 23.2 23.2 23.1 23.1 23.1 23.0 
22.7 22.7 22.8 22.8 22.8 22.9 22.9 23.0 23.0 23.1 23.1 23.2 23.3 23.4 23.5 23.5 23.6 23.7 23.8 23.9 24.0 24.1 24.2 24.3 24.4 24.5 24.6 24.7 24.8 24.9 25.0 25.0 25.1 25.1 25.2 25.2 25.3 25.3 25.3 25.3 25.3 25.3 25.2 25.2 25.2 25.1 25.0 25.0 24.9 24.8 24.7 24.7 24.6 24.5 24.4 24.3 24.2 24.1 24.0 23.9 23.8 23.7 23.7 23.6 23.5 23.4 23.4 23.3 23.3 23.2 23.2 23.1 23.1 23.1 23.0 
22.7 22.7 22.7 22.8 22.8 22.9 22.9 23.0 23.0 23.1 23.1 23.2 23.3 23.4 23.4 23.5 23.6 23.7 23.8 23.9 24.0 24.1 24.2 24.3 24.4 24.5 24.6 24.7 24.8 24.9 24.9 25.0 25.1 25.1 25.2 25.2 25.2 25.3 25.3 25.3 25.3 25.2 25.2 25.2 25.1 25.1 25.0 25.0 24.9 24.8 24.7 24.6 24.5 24.5 24.4 24.3 24.2 24.1 24.0 23.9 23.8 23.7 23.6 23.6 23.5 23.4 23.4 23.3 23.2 23.2 23.2 23.1 23.1 23.1 23.0 
# z = 0.01
23.4 23.4 23.5 23.5 23.5 23.6 23.7 23.7 23.8 23.9 23.9 24.0 24.1 24.2 24.3 24.4 24.6 24.7 24.8 24.9 25.0 25.2 25.3 25.4 25.6 25.7 25.8 25.9 26.0 26.1 26.2 26.3 26.4 26.5 26.5 26.6 26.6 26.6 26.6 26.6 26.6 26.6 26.6 26.5 26.5 26.4 26.3 26.2 26.2 26.1 25.9 25.8 25.7 25.6 25.5 25.4 25.2 25.1 25.0 24.9 24.8 24.7 24.6 24.5 24.4 24.3 24.2 24.2 24.1 24.0 24.0 23.9 23.9 23.8 23.8 
23.4 23.4 23.5 23.5 23.6 23.6 23.7 23.7 23.8 23.9 24.0 24.0 24.1 24.2 24.3 24.5 24.6 24.7 24.8 24.9 25.1 25.2 25.3 25.4 25.6 25.7 25.8 25.9 26.0 26.1 26.2 26.3 26.4 26.5 26.5 26.6 26.6 26.6 26.7 26.7 26.6 26.6 26.6 26.5 26.5 26.4 26.3 26.3 26.2 26.1 26.0 25.9 25.7 25.6 25.5 25.4 25.3 25.1 25.0 24.9 24.8 24.7 24.6 24.5 24.4 24.3 24.2 24.2 24.1 24.0 24.0 23.9 23.9 23.9 23.8 
23.4 23.4 23.5 23.5 23.6 23.6 23.7 23.7 23.8 23.9 24.0 24.0 24.1 24.2 24.3 24.5 24.6 24.7 24.8 24.9 25.1 25.2 25.3 25.4 25.6 25.7 25.8 25.9 26.0 26.1 26.2 26.3 26.4 26.5 26.5 26.6 26.6 26.6 26.7 26.7 26.6 26.6 26.6 26.5 26.5 26.4 26.3 26.3 26.2 26.1 26.0 25.9 25.7 25.6 25.5 25.4 25.3 25.1 25.0 24.9 24.8 24.7 24.6 24.5 24.4 24.3 24.2 24.2 24.1 24.0 24.0 23.9 23.9 23.9 23.8 
23.4 23.4 23.5 23.5 23.5 23.6 23.7 23.7 23.8 23.9 23.9 24.0 24.1 24.2 24.3 24.4 24.6 24.7 24.8 24.9 25.0 25.2 25.3 25.4 25.6 25.7 25.8 25.9 26.0 26.1 26.2 26.3 26.4 26.5 26.5 26.6 26.6 26.6 26.6 26.6 26.6 26.6 26.6 26.5 26.5 26.4 26.3 26.2 26.2 26.1 25.9 25.8 25.7 25.6 25.5 25.4 25.2 25.1 25.0 24.9 24.8 24.7 24.6 24.5 24.4 24.3 24.2 24.2 24.1 24.0 24.0 23.9 23.9 23.8 23.8 
# z = 0.012
24.1 24.1 24.2 24.2 24.3 24.3 24.4 24.5 24.6 24.7 24.8 24.9 25.0 25.1 25.2 25.4 25.5 25.6 25.8 25.9 26.1 26.3 26.4 26.6 26.7 26.9 27.0 27.1 27.3 27.4 27.5 27.6 27.7 27.8 27.9 27.9 28.0 28.0 28.0 28.0 28.0 28.0 28.0 27.9 27.8 27.8 27.7 27.6 27.4 27.3 27.2 27.1 26.9 26.8 26.6 26.5 26.3 26.2 26.0 25.9 25.8 25.6 25.5 25.4 25.3 25.2 25.1 25.0 24.9 24.9 24.8 24.7 24.7 24.7 24.6 
24.1 24.2 24.2 24.2 24.3 24.4 24.4 24.5 24.6 24.7 24.8 24.9 25.0 25.1 25.2 25.4 25.5 25.7 25.8 26.0 26.1 26.3 26.4 26.6 26.7 26.9 27.0 27.2 27.3 27.4 27.5 27.6 27.7 27.8 27.9 28.0 28.0 28.0 28.0 28.0 28.0 28.0 28.0 27.9 27.8 27.8 27.7 27.6 27.5 27.3 27.2 27.1 26.9 26.8 26.6 26.5 26.3 26.2 26.1 25.9 25.8 25.7 25.5 25.4 25.3 25.2 25.1 25.0 24.9 24.9 24.8 24.8 24.7 24.7 24.6 
24.1 24.2 24.2 24.2 24.3 24.4 24.4 24.5 24.6 24.7 24.8 24.9 25.0 25.1 25.2 25.4 25.5 25.7 25.8 26.0 26.1 26.3 26.4 26.6 26.7 26.9 27.0 27.2 27.3 27.4 27.5 27.6 27.7 27.8 27.9 28.0 28.0 28.0 28.0 28.0 28.0 28.0 28.0 27.9 27.8 27.8 27.7 27.6 27.5 27.3 27.2 27.1 26.9 26.8 26.6 26.5 26.3 26.2 26.1 25.9 25.8 25.7 25.5 25.4 25.3 25.2 25.1 25.0 24.9 24.9 24.8 24.8 24.7 24.7 24.6 
24.1 24.1 24.2 24.2 24.3 24.3 24.4 24.5 24.6 24.7 24.8 24.9 25.0 25.1 25.2 25.4 25.5 25.6 25.8 25.9 26.1 26.3 26.4 26.6 26.7 26.9 27.0 27.1 27.3 27.4 27.5 27.6 27.7 27.8 27.9 27.9 28.0 28.0 28.0 28.0 28.0 28.0 28.0 27.9 27.8 27.8 27.7 27.6 27.4 27.3 27.2 27.1 26.9 26.8 26.6 26.5 26.3 26.2 26.0 25.9 25.8 25.6 25.5 25.4 25.3 25.2 25.1 25.0 24.9 24.9 24.8 24.7 24.7 24.7 24.6 
# z = 0.014
24.8 24.9 24.9 25.0 25.0 25.1 25.2 25.3 25.4 25.5 25.6 25.7 25.8 26.0 26.1 26.3 26.5 26.6 26.8 27.0 27.2 27.3 27.5 27.7 27.9 28.1 28.2 28.4 28.6 28.7 28.8 29.0 29.1 29.2 29.3 29.3 29.4 29.4 29.5 29.5 29.4 29.4 29.4 29.3 29.2 29.1 29.0 28.9 28.8 28.6 28.5 28.3 28.1 28.0 27.8 27.6 27.4 27.3 27.1 26.9 26.8 26.6 26.5 26.3 26.2 26.1 26.0 25.9 25.8 25.7 25.6 25.6 25.5 25.5 25.4 
24.8 24.9 24.9 25.0 25.0 25.1 25.2 25.3 25.4 25.5 25.6 25.7 25.9 26.0 26.1 26.3 26.5 26.6 26.8 27.0 27.2 27.4 27.5 27.7 27.9 28.1 28.3 28.4 28.6 28.7 28.9 29.0 29.1 29.2 29.3 29.4 29.4 29.5 29.5 29.5 29.5 29.4 29.4 29.3 29.2 29.1 29.0 28.9 28.8 28.6 28.5 28.3 28.1 28.0 27.8 27.6 27.4 27.3 27.1 26.9 26.8 26.6 26.5 26.4 26.2 26.1 26.0 25.9 25.8 25.7 25.6 25.6 25.5 25.5 25.4 
24.8 24.9 24.9 25.0 25.0 25.1 25.2 25.3 25.4 25.5 25.6 25.7 25.9 26.0 26.1 26.3 26.5 26.6 26.8 27.0 27.2 27.4 27.5 27.7 27.9 28.1 28.3 28.4 28.6 28.7 28.9 29.0 29.1 29.2 29.3 29.4 29.4 29.5 29.5 29.5 29.5 29.4 29.4 29.3 29.2 29.1 29.0 28.9 28.8 28.6 28.5 28.3 28.1 28.0 27.8 27.6 27.4 27.3 27.1 26.9 26.8 26.6 26.5 26.4 26.2 26.1 26.0 25.9 25.8 25.7 25.6 25.6 25.5 25.5 25.4 
24.8 24.9 24.9 25.0 25.0 25.1 25.2 25.3 25.4 25.5 25.6 25.7 25.8 26.0 26.1 26.3 26.5 26.6 26.8 27.0 27.2 27.3 27.5 27.7 27.9 28.1 28.2 28.4 28.6 28.7 28.8 29.0 29.1 29.2 29.3 29.3 29.4 29.4 29.5 29.5 29.4 29.4 29.4 29.3 29.2 29.1 29.0 28.9 28.8 28.6 28.5 28.3 28.1 28.0 27.8 27.6 27.4 27.3 27.1 26.9 26.8 26.6 26.5 26.3 26.2 26.1 26.0 25.9 25.8 25.7 25.6 25.6 25.5 25.5 25.4 
# z = 0.016
25.6 25.6 25.7 25.7 25.8 25.9 25.9 26.0 26.2 26.3 26.4 26.6 26.7 26.9 27.0 27.2 27.4 27.6 27.8 28.0 28.2 28.4 28.7 28.9 29.1 29.3 29.5 29.7 29.9 30.0 30.2 30.4 30.5 30.6 30.7 30.8 30.8 30.9 30.9 30.9 30.9 30.9 30.8 30.7 30.6 30.5 30.4 30.2 30.1 29.9 29.7 29.5 29.4 29.2 28.9 28.7 28.5 28.3 28.1 28.0 27.8 27.6 27.4 27.3 27.1 27.0 26.9 26.7 26.6 26.5 26.5 26.4 26.3 26.3 26.2 
25.6 25.6 25.7 25.7 25.8 25.9 26.0 26.1 26.2 26.3 26.4 26.6 26.7 26.9 27.1 27.2 27.4 27.6 27.8 28.0 28.2 28.5 28.7 28.9 29.1 29.3 29.5 29.7 29.9 30.1 30.2 30.4 30.5 30.6 30.7 30.8 30.9 30.9 30.9 30.9 30.9 30.9 30.8 30.7 30.6 30.5 30.4 30.3 30.1 29.9 29.8 29.6 29.4 29.2 29.0 28.8 28.6 28.4 28.2 28.0 27.8 27.6 27.4 27.3 27.1 27.0 26.9 26.8 26.7 26.6 26.5 26.4 26.3 26.3 26.3 
25.6 25.6 25.7 25.7 25.8 25.9 26.0 26.1 26.2 26.3 26.4 26.6 26.7 26.9 27.1 27.2 27.4 27.6 27.8 28.0 28.2 28.5 28.7 28.9 29.1 29.3 29.5 29.7 29.9 30.1 30.2 30.4 30.5 30.6 30.7 30.8 30.9 30.9 30.9 30.9 30.9 30.9 30.8 30.7 30.6 30.5 30.4 30.3 30.1 29.9 29.8 29.6 29.4 29.2 29.0 28.8 28.6 28.4 28.2 28.0 27.8 27.6 27.4 27.3 27.1 27.0 26.9 26.8 26.7 26.6 26.5 26.4 26.3 26.3 26.3 
25.6 25.6 25.7 25.7 25.8 25.9 25.9 26.0 26.2 26.3 26.4 26.6 26.7 26.9 27.0 27.2 27.4 27.6 27.8 28.0 28.2 28.4 28.7 28.9 29.1 29.3 29.5 29.7 29.9 30.0 30.2 30.4 30.5 30.6 30.7 30.8 30.8 30.9 30.9 30.9 30.9 30.9 30.8 30.7 30.6 30.5 30.4 30.2 30.1 29.9 29.7 29.5 29.4 29.2 28.9 28.7 28.5 28.3 28.1 28.0 27.8 27.6 27.4 27.3 27.1 27.0 26.9 26.7 26.6 26.5 26.5 26.4 26.3 26.3 26.2 
# z = 0.018
26.3 26.3 26.4 26.5 26.5 26.6 26.7 26.8 27.0 27.1 27.2 27.4 27.6 27.8 28.0 28.2 28.4 28.6 28.8 29.1 29.3 29.6 29.8 30.0 30.3 30.5 30.8 31.0 31.2 31.4 31.6 31.8 31.9 32.0 32.2 32.3 32.3 32.4 32.4 32.4 32.4 32.3 32.3 32.2 32.1 32.0 31.8 31.6 31.5 31.3 31.0 30.8 30.6 30.4 30.1 29.9 29.7 29.4 29.2 29.0 28.8 28.6 28.4 28.2 28.0 27.9 27.7 27.6 27.5 27.4 27.3 27.2 27.2 27.1 27.1 
26.3 26.4 26.4 26.5 26.5 26.6 26.7 26.8 27.0 27.1 27.3 27.4 27.6 27.8 28.0 28.2 28.4 28.6 28.9 29.1 29.3 29.6 29.8 30.1 30.3 30.5 30.8 31.0 31.2 31.4 31.6 31.8 31.9 32.1 32.2 32.3 32.3 32.4 32.4 32.4 32.4 32.4 32.3 32.2 32.1 32.0 31.8 31.6 31.5 31.3 31.1 30.8 30.6 30.4 30.1 29.9 29.7 29.5 29.2 29.0 28.8 28.6 28.4 28.2 28.1 27.9 27.8 27.6 27.5 27.4 27.3 27.2 27.2 27.1 27.1 
26.3 26.4 26.4 26.5 26.5 26.6 26.7 26.8 27.0 27.1 27.3 27.4 27.6 27.8 28.0 28.2 28.4 28.6 28.9 29.1 29.3 29.6 29.8 30.1 30.3 30.5 30.8 31.0 31.2 31.4 31.6 31.8 31.9 32.1 32.2 32.3 32.3 32.4 32.4 32.4 32.4 32.4 32.3 32.2 32.1 32.0 31.8 31.6 31.5 31.3 31.1 30.8 30.6 30.4 30.1 29.9 29.7 29.5 29.2 29.0 28.8 28.6 28.4 28.2 28.1 27.9 27.8 27.6 27.5 27.4 27.3 27.2 27.2 27.1 27.1 
26.3 26.3 26.4 26.5 26.5 26.6 26.7 26.8 27.0 27.1 27.2 27.4 27.6 27.8 28.0 28.2 28.4 28.6 28.8 29.1 29.3 29.6 29.8 30.0 30.3 30.5 30.8 31.0 31.2 31.4 31.6 31.8 31.9 32.0 32.2 32.3 32.3 32.4 32.4 32.4 32.4 32.3 32.3 32.2 32.1 32.0 31.8 31.6 31.5 31.3 31.0 30.8 30.6 30.4 30.1 29.9 29.7 29.4 29.2 29.0 28.8 28.6 28.4 28.2 28.0 27.9 27.7 27.6 27.5 27.4 27.3 27.2 27.2 27.1 27.1 
# z = 0.02
27.0 27.1 27.1 27.2 27.3 27.4 27.5 27.6 27.8 27.9 28.1 28.3 28.5 28.7 28.9 29.1 29.4 29.6 29.9 30.1 30.4 30.7 31.0 31.2 31.5 31.8 32.1 32.3 32.6 32.8 33.0 33.2 33.4 33.5 33.6 33.8 33.8 33.9 33.9 33.9 33.9 33.9 33.8 33.7 33.6 33.4 33.2 33.1 32.8 32.6 32.4 32.1 31.9 31.6 31.3 31.1 30.8 30.5 30.3 30.0 29.8 29.6 29.4 29.2 29.0 28.8 28.6 28.5 28.4 28.2 28.1 28.1 28.0 27.9 27.9 
27.1 27.1 27.1 27.2 27.3 27.4 27.5 27.6 27.8 27.9 28.1 28.3 28.5 28.7 28.9 29.1 29.4 29.6 29.9 30.2 30.4 30.7 31.0 31.3 31.5 31.8 32.1 32.3 32.6 32.8 33.0 33.2 33.4 33.5 33.7 33.8 33.9 33.9 33.9 33.9 33.9 33.9 33.8 33.7 33.6 33.4 33.3 33.1 32.9 32.6 32.4 32.1 31.9 31.6 31.3 31.1 30.8 30.6 30.3 30.1 29.8 29.6 29.4 29.2 29.0 28.8 28.6 28.5 28.4 28.3 28.2 28.1 28.0 27.9 27.9 
27.1 27.1 27.1 27.2 27.3 27.4 27.5 27.6 27.8 27.9 28.1 28.3 28.5 28.7 28.9 29.1 29.4 29.6 29.9 30.2 30.4 30.7 31.0 31.3 31.5 31.8 32.1 32.3 32.6 32.8 33.0 33.2 33.4 33.5 33.7 33.8 33.9 33.9 33.9 33.9 33.9 33.9 33.8 33.7 33.6 33.4 33.3 33.1 32.9 32.6 32.4 32.1 31.9 31.6 31.3 31.1 30.8 30.6 30.3 30.1 29.8 29.6 29.4 29.2 29.0 28.8 28.6 28.5 28.4 28.3 28.2 28.1 28.0 27.9 27.9 
27.0 27.1 27.1 27.2 27.3 27.4 27.5 27.6 27.8 27.9 28.1 28.3 28.5 28.7 28.9 29.1 29.4 29.6 29.9 30.1 30.4 30.7 31.0 31.2 31.5 31.8 32.1 32.3 32.6 32.8 33.0 33.2 33.4 33.5 33.6 33.8 33.8 33.9 33.9 33.9 33.9 33.9 33.8 33.7 33.6 33.4 33.2 33.1 32.8 32.6 32.4 32.1 31.9 31.6 31.3 31.1 30.8 30.5 30.3 30.0 29.8 29.6 29.4 29.2 29.0 28.8 28.6 28.5 28.4 28.2 28.1 28.1 28.0 27.9 27.9 
# z = 0.022
27.8 27.8 27.9 28.0 28.0 28.1 28.3 28.4 28.6 28.7 28.9 29.1 29.3 29.6 29.8 30.1 30.3 30.6 30.9 31.2 31.5 31.8 32.1 32.5 32.8 33.1 33.4 33.7 33.9 34.2 34.4 34.7 34.9 35.0 35.2 35.3 35.4 35.5 35.5 35.5 35.5 35.4 35.3 35.2 35.1 34.9 34.7 34.5 34.3 34.0 33.7 33.4 33.1 32.8 32.5 32.2 31.9 31.7 31.4 31.1 30.8 30.6 30.3 30.1 29.9 29.7 29.5 29.4 29.2 29.1 29.0 28.9 28.8 28.7 28.7 
27.8 27.8 27.9 28.0 28.1 28.2 28.3 28.4 28.6 28.7 28.9 29.1 29.3 29.6 29.8 30.1 30.3 30.6 30.9 31.2 31.5 31.8 32.2 32.5 32.8 33.1 33.4 33.7 34.0 34.2 34.5 34.7 34.9 35.0 35.2 35.3 35.4 35.5 35.5 35.5 35.5 35.4 35.4 35.2 35.1 34.9 34.7 34.5 34.3 34.0 33.7 33.5 33.2 32.9 32.6 32.3 32.0 31.7 31.4 31.1 30.8 30.6 30.3 30.1 29.9 29.7 29.5 29.4 29.2 29.1 29.0 28.9 28.8 28.8 28.7 
27.8 27.8 27.9 28.0 28.1 28.2 28.3 28.4 28.6 28.7 28.9 29.1 29.3 29.6 29.8 30.1 30.3 30.6 30.9 31.2 31.5 31.8 32.2 32.5 32.8 33.1 33.4 33.7 34.0 34.2 34.5 34.7 34.9 35.0 35.2 35.3 35.4 35.5 35.5 35.5 35.5 35.4 35.4 35.2 35.1 34.9 34.7 34.5 34.3 34.0 33.7 33.5 33.2 32.9 32.6 32.3 32.0 31.7 31.4 31.1 30.8 30.6 30.3 30.1 29.9 29.7 29.5 29.4 29.2 29.1 29.0 28.9 28.8 28.8 28.7 
27.8 27.8 27.9 28.0 28.0 28.1 28.3 28.4 28.6 28.7 28.9 29.1 29.3 29.6 29.8 30.1 30.3 30.6 30.9 31.2 31.5 31.8 32.1 32.5 32.8 33.1 33.4 33.7 33.9 34.2 34.4 34.7 34.9 35.0 35.2 35.3 35.4 35.5 35.5 35.5 35.5 35.4 35.3 35.2 35.1 34.9 34.7 34.5 34.3 34.0 33.7 33.4 33.1 32.8 32.5 32.2 31.9 31.7 31.4 31.1 30.8 30.6 30.3 30.1 29.9 29.7 29.5 29.4 29.2 29.1 29.0 28.9 28.8 28.7 28.7 
# z = 0.024
28.5 28.6 28.6 28.7 28.8 28.9 29.0 29.2 29.4 29.5 29.7 30.0 30.2 30.5 30.7 31.0 31.3 31.6 32.0 32.3 32.6 33.0 33.3 33.7 34.0 34.4 34.7 35.0 35.4 35.6 35.9 36.2 36.4 36.6 36.7 36.9 37.0 37.1 37.1 37.1 37.1 37.0 36.9 36.8 36.6 36.5 36.2 36.0 35.7 35.4 35.1 34.8 34.5 34.1 33.8 33.4 33.1 32.8 32.4 32.1 31.8 31.6 31.3 31.0 30.8 30.6 30.4 30.2 30.1 29.9 29.8 29.7 29.6 29.6 29.5 
28.5 28.6 28.6 28.7 28.8 28.9 29.1 29.2 29.4 29.6 29.8 30.0 30.2 30.5 30.7 31.0 31.3 31.6 32.0 32.3 32.6 33.0 33.3 33.7 34.1 34.4 34.7 35.1 35.4 35.7 35.9 36.2 36.4 36.6 36.8 36.9 37.0 37.1 37.1 37.1 37.1 37.0 36.9 36.8 36.7 36.5 36.2 36.0 35.7 35.4 35.1 34.8 34.5 34.1 33.8 33.4 33.1 32.8 32.5 32.2 31.9 31.6 31.3 31.1 30.8 30.6 30.4 30.2 30.1 29.9 29.8 29.7 29.6 29.6 29.5 
28.5 28.6 28.6 28.7 28.8 28.9 29.1 29.2 29.4 29.6 29.8 30.0 30.2 30.5 30.7 31.0 31.3 31.6 32.0 32.3 32.6 33.0 33.3 33.7 34.1 34.4 34.7 35.1 35.4 35.7 35.9 36.2 36.4 36.6 36.8 36.9 37.0 37.1 37.1 37.1 37.1 37.0 36.9 36.8 36.7 36.5 36.2 36.0 35.7 35.4 35.1 34.8 34.5 34.1 33.8 33.4 33.1 32.8 32.5 32.2 31.9 31.6 31.3 31.1 30.8 30.6 30.4 30.2 30.1 29.9 29.8 29.7 29.6 29.6 29.5 
28.5 28.6 28.6 28.7 28.8 28.9 29.0 29.2 29.4 29.5 29.7 30.0 30.2 30.5 30.7 31.0 31.3 31.6 32.0 32.3 32.6 33.0 33.3 33.7 34.0 34.4 34.7 35.0 35.4 35.6 35.9 36.2 36.4 36.6 36.7 36.9 37.0 37.1 37.1 37.1 37.1 37.0 36.9 36.8 36.6 36.5 36.2 36.0 35.7 35.4 35.1 34.8 34.5 34.1 33.8 33.4 33.1 32.8 32.4 32.1 31.8 31.6 31.3 31.0 30.8 30.6 30.4 30.2 30.1 29.9 29.8 29.7 29.6 29.6 29.5 
# z = 0.026
29.2 29.3 29.4 29.4 29.5 29.7 29.8 30.0 30.2 30.4 30.6 30.8 31.1 31.4 31.7 32.0 32.3 32.6 33.0 33.4 33.8 34.1 34.5 34.9 35.3 35.7 36.1 36.5 36.8 37.1 37.4 37.7 38.0 38.2 38.4 38.5 38.6 38.7 38.8 38.8 38.7 38.7 38.6 38.4 38.2 38.0 37.8 37.5 37.2 36.9 36.5 36.2 35.8 35.4 35.0 34.6 34.3 33.9 33.5 33.2 32.9 32.6 32.3 32.0 31.7 31.5 31.3 31.1 30.9 30.8 30.6 30.5 30.4 30.4 30.3 
29.3 29.3 29.4 29.5 29.6 29.7 29.8 30.0 30.2 30.4 30.6 30.8 31.1 31.4 31.7 32.0 32.3 32.7 33.0 33.4 33.8 34.2 34.5 34.9 35.3 35.7 36.1 36.5 36.8 37.1 37.4 37.7 38.0 38.2 38.4 38.5 38.7 38.7 38.8 38.8 38.8 38.7 38.6 38.4 38.3 38.0 37.8 37.5 37.2 36.9 36.5 36.2 35.8 35.4 35.0 34.6 34.3 33.9 33.5 33.2 32.9 32.6 32.3 32.0 31.7 31.5 31.3 31.1 30.9 30.8 30.7 30.5 30.5 30.4 30.3 
29.3 29.3 29.4 29.5 29.6 29.7 29.8 30.0 30.2 30.4 30.6 30.8 31.1 31.4 31.7 32.0 32.3 32.7 33.0 33.4 33.8 34.2 34.5 34.9 35.3 35.7 36.1 36.5 36.8 37.1 37.4 37.7 38.0 38.2 38.4 38.5 38.7 38.7 38.8 38.8 38.8 38.7 38.6 38.4 38.3 38.0 37.8 37.5 37.2 36.9 36.5 36.2 35.8 35.4 35.0 34.6 34.3 33.9 33.5 33.2 32.9 32.6 32.3 32.0 31.7 31.5 31.3 31.1 30.9 30.8 30.7 30.5 30.5 30.4 30.3 
29.2 29.3 29.4 29.4 29.5 29.7 29.8 30.0 30.2 30.4 30.6 30.8 31.1 31.4 31.7 32.0 32.3 32.6 33.0 33.4 33.8 34.1 34.5 34.9 35.3 35.7 36.1 36.5 36.8 37.1 37.4 37.7 38.0 38.2 38.4 38.5 38.6 38.7 38.8 38.8 38.7 38.7 38.6 38.4 38.2 38.0 37.8 37.5 37.2 36.9 36.5 36.2 35.8 35.4 35.0 34.6 34.3 33.9 33.5 33.2 32.9 32.6 32.3 32.0 31.7 31.5 31.3 31.1 30.9 30.8 30.6 30.5 30.4 30.4 30.3 
# z = 0.028
30.0 30.0 30.1 30.2 30.3 30.4 30.6 30.7 30.9 31.2 31.4 31.7 31.9 32.2 32.6 32.9 33.3 33.7 34.0 34.5 34.9 35.3 35.8 36.2 36.6 37.1 37.5 37.9 38.3 38.6 39.0 39.3 39.6 39.8 40.0 40.2 40.3 40.4 40.5 40.5 40.5 40.4 40.3 40.1 39.9 39.7 39.4 39.1 38.7 38.4 38.0 37.5 37.1 36.7 36.3 35.8 35.4 35.0 34.6 34.2 33.9 33.5 33.2 32.9 32.6 32.4 32.2 32.0 31.8 31.6 31.5 31.3 31.2 31.2 31.1 
30.0 30.0 30.1 30.2 30.3 30.4 30.6 30.8 31.0 31.2 31.4 31.7 32.0 32.3 32.6 32.9 33.3 33.7 34.1 34.5 34.9 35.3 35.8 36.2 36.6 37.1 37.5 37.9 38.3 38.7 39.0 39.3 39.6 39.8 40.0 40.2 40.3 40.4 40.5 40.5 40.5 40.4 40.3 40.1 39.9 39.7 39.4 39.1 38.7 38.4 38.0 37.6 37.1 36.7 36.3 35.9 35.4 35.0 34.6 34.3 33.9 33.6 33.2 32.9 32.7 32.4 32.2 32.0 31.8 31.6 31.5 31.4 31.3 31.2 31.1 
30.0 30.0 30.1 30.2 30.3 30.4 30.6 30.8 31.0 31.2 31.4 31.7 32.0 32.3 32.6 32.9 33.3 33.7 34.1 34.5 34.9 35.3 35.8 36.2 36.6 37.1 37.5 37.9 38.3 38.7 39.0 39.3 39.6 39.8 40.0 40.2 40.3 40.4 40.5 40.5 40.5 40.4 40.3 40.1 39.9 39.7 39.4 39.1 38.7 38.4 38.0 37.6 37.1 36.7 36.3 35.9 35.4 35.0 34.6 34.3 33.9 33.6 33.2 32.9 32.7 32.4 32.2 32.0 31.8 31.6 31.5 31.4 31.3 31.2 31.1 
30.0 30.0 30.1 30.2 30.3 30.4 30.6 30.7 30.9 31.2 31.4 31.7 31.9 32.2 32.6 32.9 33.3 33.7 34.0 34.5 34.9 35.3 35.8 36.2 36.6 37.1 37.5 37.9 38.3 38.6 39.0 39.3 39.6 39.8 40.0 40.2 40.3 40.4 40.5 40.5 40.5 40.4 40.3 40.1 39.9 39.7 39.4 39.1 38.7 38.4 38.0 37.5 37.1 36.7 36.3 35.8 35.4 35.0 34.6 34.2 33.9 33.5 33.2 32.9 32.6 32.4 32.2 32.0 31.8 31.6 31.5 31.3 31.2 31.2 31.1 
# z = 0.03
30.7 30.7 30.8 30.9 31.0 31.2 31.3 31.5 31.7 32.0 32.2 32.5 32.8 33.1 33.5 33.9 34.2 34.7 35.1 35.5 36.0 36.5 37.0 37.5 38.0 38.4 38.9 39.4 39.8 40.2 40.6 40.9 41.2 41.5 41.7 41.9 42.1 42.2 42.2 42.3 42.2 42.1 42.0 41.8 41.6 41.3 41.0 40.7 40.3 39.9 39.4 39.0 38.5 38.0 37.5 37.1 36.6 36.1 35.7 35.3 34.9 34.5 34.2 33.9 33.6 33.3 33.0 32.8 32.6 32.4 32.3 32.1 32.0 32.0 31.9 
30.7 30.7 30.8 30.9 31.0 31.2 31.3 31.5 31.7 32.0 32.2 32.5 32.8 33.1 33.5 33.9 34.3 34.7 35.1 35.6 36.0 36.5 37.0 37.5 38.0 38.5 38.9 39.4 39.8 40.2 40.6 40.9 41.2 41.5 41.8 41.9 42.1 42.2 42.3 42.3 42.2 42.2 42.0 41.9 41.6 41.4 41.0 40.7 40.3 39.9 39.4 39.0 38.5 38.0 37.5 37.1 36.6 36.2 35.7 35.3 34.9 34.5 34.2 33.9 33.6 33.3 33.0 32.8 32.6 32.4 32.3 32.2 32.1 32.0 31.9 
30.7 30.7 30.8 30.9 31.0 31.2 31.3 31.5 31.7 32.0 32.2 32.5 32.8 33.1 33.5 33.9 34.3 34.7 35.1 35.6 36.0 36.5 37.0 37.5 38.0 38.5 38.9 39.4 39.8 40.2 40.6 40.9 41.2 41.5 41.8 41.9 42.1 42.2 42.3 42.3 42.2 42.2 42.0 41.9 41.6 41.4 41.0 40.7 40.3 39.9 39.4 39.0 38.5 38.0 37.5 37.1 36.6 36.2 35.7 35.3 34.9 34.5 34.2 33.9 33.6 33.3 33.0 32.8 32.6 32.4 32.3 32.2 32.1 32.0 31.9 
30.7 30.7 30.8 30.9 31.0 31.2 31.3 31.5 31.7 32.0 32.2 32.5 32.8 33.1 33.5 33.9 34.2 34.7 35.1 35.5 36.0 36.5 37.0 37.5 38.0 38.4 38.9 39.4 39.8 40.2 40.6 40.9 41.2 41.5 41.7 41.9 42.1 42.2 42.2 42.3 42.2 42.1 42.0 41.8 41.6 41.3 41.0 40.7 40.3 39.9 39.4 39.0 38.5 38.0 37.5 37.1 36.6 36.1 35.7 35.3 34.9 34.5 34.2 33.9 33.6 33.3 33.0 32.8 32.6 32.4 32.3 32.1 32.0 32.0 31.9 
# z = 0.032
31.4 31.4 31.5 31.6 31.8 31.9 32.1 32.3 32.5 32.8 33.0 33.3 33.7 34.0 34.4 34.8 35.2 35.7 36.1 36.6 37.2 37.7 38.2 38.8 39.3 39.8 40.4 40.9 41.4 41.8 42.2 42.6 42.9 43.3 43.5 43.7 43.9 44.0 44.1 44.1 44.1 44.0 43.8 43.6 43.4 43.1 42.7 42.3 41.9 41.4 40.9 40.4 39.9 39.3 38.8 38.3 37.8 37.3 36.8 36.3 35.9 35.5 35.1 34.8 34.4 34.2 33.9 33.6 33.4 33.2 33.1 32.9 32.8 32.8 32.7 
31.4 31.5 31.5 31.6 31.8 31.9 32.1 32.3 32.5 32.8 33.0 33.3 33.7 34.0 34.4 34.8 35.2 35.7 36.2 36.7 37.2 37.7 38.2 38.8 39.3 39.9 40.4 40.9 41.4 41.8 42.2 42.6 43.0 43.3 43.5 43.7 43.9 44.0 44.1 44.1 44.1 44.0 43.8 43.6 43.4 43.1 42.8 42.4 41.9 41.5 40.9 40.4 39.9 39.3 38.8 38.3 37.8 37.3 36.8 36.3 35.9 35.5 35.1 34.8 34.5 34.2 33.9 33.7 33.4 33.3 33.1 33.0 32.9 32.8 32.7 
31.4 31.5 31.5 31.6 31.8 31.9 32.1 32.3 32.5 32.8 33.0 33.3 33.7 34.0 34.4 34.8 35.2 35.7 36.2 36.7 37.2 37.7 38.2 38.8 39.3 39.9 40.4 40.9 41.4 41.8 42.2 42.6 43.0 43.3 43.5 43.7 43.9 44.0 44.1 44.1 44.1 44.0 43.8 43.6 43.4 43.1 42.8 42.4 41.9 41.4 40.9 40.4 39.9 39.3 38.8 38.3 37.8 37.3 36.8 36.3 35.9 35.5 35.1 34.8 34.5 34.2 33.9 33.7 33.4 33.3 33.1 33.0 32.9 32.8 32.7 
31.4 31.4 31.5 31.6 31.8 31.9 32.1 32.3 32.5 32.8 33.0 33.3 33.7 34.0 34.4 34.8 35.2 35.7 36.1 36.6 37.2 37.7 38.2 38.8 39.3 39.8 40.4 40.9 41.4 41.8 42.2 42.6 42.9 43.2 43.5 43.7 43.9 44.0 44.1 44.1 44.1 44.0 43.8 43.6 43.4 43.1 42.7 42.3 41.9 41.4 40.9 40.4 39.9 39.3 38.8 38.3 37.8 37.3 36.8 36.3 35.9 35.5 35.1 34.8 34.4 34.2 33.9 33.6 33.4 33.2 33.1 32.9 32.8 32.8 32.7 
# z = 0.034
32.1 32.1 32.2 32.3 32.5 32.6 32.8 33.0 33.3 33.5 33.8 34.1 34.5 34.9 35.3 35.7 36.2 36.7 37.2 37.7 38.3 38.9 39.5 40.1 40.7 41.3 41.9 42.4 43.0 43.5 43.9 44.3 44.7 45.1 45.3 45.6 45.8 45.9 46.0 46.0 46.0 45.9 45.7 45.5 45.2 44.9 44.5 44.1 43.6 43.0 42.5 41.9 41.3 40.7 40.1 39.5 38.9 38.4 37.9 37.4 36.9 36.5 36.1 35.7 35.3 35.0 34.7 34.5 34.2 34.0 33.9 33.7 33.6 33.5 33.5 
32.1 32.2 32.2 32.3 32.5 32.6 32.8 33.0 33.3 33.5 33.8 34.2 34.5 34.9 35.3 35.7 36.2 36.7 37.2 37.7 38.3 38.9 39.5 40.1 40.7 41.3 41.9 42.4 43.0 43.5 43.9 44.4 44.7 45.1 45.4 45.6 45.8 45.9 46.0 46.0 46.0 45.9 45.7 45.5 45.2 44.9 44.5 44.1 43.6 43.1 42.5 41.9 41.3 40.7 40.1 39.5 38.9 38.4 37.9 37.4 36.9 36.5 36.1 35.7 35.3 35.0 34.7 34.5 34.3 34.1 33.9 33.7 33.6 33.5 33.5 
32.1 32.2 32.2 32.3 32.5 32.6 32.8 33.0 33.3 33.5 33.8 34.2 34.5 34.9 35.3 35.7 36.2 36.7 37.2 37.7 38.3 38.9 39.5 40.1 40.7 41.3 41.9 42.4 43.0 43.5 43.9 44.4 44.7 45.1 45.3 45.6 45.8 45.9 46.0 46.0 46.0 45.9 45.7 45.5 45.2 44.9 44.5 44.1 43.6 43.0 42.5 41.9 41.3 40.7 40.1 39.5 38.9 38.4 37.9 37.4 36.9 36.5 36.1 35.7 35.3 35.0 34.7 34.5 34.3 34.1 33.9 33.7 33.6 33.5 33.5 
32.1 32.1 32.2 32.3 32.5 32.6 32.8 33.0 33.3 33.5 33.8 34.1 34.5 34.9 35.3 35.7 36.2 36.7 37.2 37.7 38.3 38.9 39.5 40.1 40.7 41.3 41.9 42.4 43.0 43.4 43.9 44.3 44.7 45.0 45.3 45.6 45.8 45.9 46.0 46.0 46.0 45.9 45.7 45.5 45.2 44.9 44.5 44.1 43.6 43.0 42.5 41.9 41.3 40.7 40.1 39.5 38.9 38.4 37.9 37.4 36.9 36.5 36.1 35.7 35.3 35.0 34.7 34.5 34.2 34.0 33.9 33.7 33.6 33.5 33.5 
# z = 0.036
32.8 32.8 32.9 33.0 33.2 33.3 33.5 33.8 34.0 34.3 34.6 34.9 35.3 35.7 36.2 36.6 37.1 37.7 38.2 38.8 39.4 40.1 40.7 41.4 42.1 42.8 43.4 44.0 44.6 45.2 45.7 46.1 46.6 46.9 47.2 47.5 47.7 47.9 48.0 48.0 47.9 47.8 47.7 47.4 47.2 46.8 46.4 45.9 45.3 44.7 44.1 43.4 42.7 42.0 41.4 40.7 40.1 39.5 38.9 38.4 37.9 37.4 37.0 36.6 36.2 35.9 35.6 35.3 35.0 34.8 34.6 34.5 34.4 34.3 34.2 
32.8 32.9 32.9 33.0 33.2 33.4 33.5 33.8 34.0 34.3 34.6 35.0 35.3 35.7 36.2 36.6 37.1 37.7 38.2 38.8 39.4 40.1 40.7 41.4 42.1 42.8 43.4 44.0 44.6 45.2 45.7 46.2 46.6 46.9 47.2 47.5 47.7 47.9 48.0 48.0 48.0 47.8 47.7 47.5 47.2 46.8 46.4 45.9 45.3 44.7 44.1 43.4 42.7 42.0 41.4 40.7 40.1 39.5 38.9 38.4 37.9 37.4 37.0 36.6 36.2 35.9 35.6 35.3 35.0 34.8 34.7 34.5 34.4 34.3 34.2 
32.8 32.9 32.9 33.0 33.2 33.4 33.5 33.8 34.0 34.3 34.6 35.0 35.3 35.7 36.2 36.6 37.1 37.7 38.2 38.8 39.4 40.1 40.7 41.4 42.1 42.8 43.4 44.0 44.6 45.2 45.7 46.1 46.6 46.9 47.2 47.5 47.7 47.9 48.0 48.0 47.9 47.8 47.7 47.4 47.1 46.8 46.3 45.9 45.3 44.7 44.1 43.4 42.7 42.0 41.4 40.7 40.1 39.5 38.9 38.4 37.9 37.4 37.0 36.6 36.2 35.9 35.6 35.3 35.0 34.8 34.7 34.5 34.4 34.3 34.2 
32.8 32.8 32.9 33.0 33.2 33.3 33.5 33.8 34.0 34.3 34.6 34.9 35.3 35.7 36.2 36.6 37.1 37.7 38.2 38.8 39.4 40.1 40.7 41.4 42.1 42.7 43.4 44.0 44.6 45.1 45.7 46.1 46.5 46.9 47.2 47.5 47.7 47.8 47.9 48.0 47.9 47.8 47.6 47.4 47.1 46.7 46.3 45.8 45.3 44.7 44.0 43.4 42.7 42.0 41.3 40.7 40.1 39.5 38.9 38.4 37.9 37.4 37.0 36.6 36.2 35.9 35.6 35.3 35.0 34.8 34.6 34.5 34.4 34.3 34.2 
# z = 0.038
33.5 33.5 33.6 33.7 33.9 34.0 34.2 34.5 34.7 35.0 35.4 35.7 36.1 36.6 37.0 37.5 38.1 38.6 39.2 39.9 40.5 41.3 42.0 42.7 43.5 44.3 45.0 45.7 46.4 47.0 47.5 48.0 48.5 48.9 49.2 49.5 49.7 49.9 50.0 50.1 50.0 49.9 49.7 49.5 49.2 48.8 48.3 47.8 47.1 46.4 45.7 44.9 44.2 43.4 42.6 41.9 41.2 40.6 40.0 39.4 38.8 38.3 37.9 37.4 37.0 36.7 36.4 36.1 35.8 35.6 35.4 35.2 35.1 35.0 35.0 
33.5 33.5 33.6 33.7 33.9 34.1 34.3 34.5 34.8 35.1 35.4 35.8 36.1 36.6 37.0 37.5 38.1 38.6 39.2 39.9 40.6 41.3 42.0 42.7 43.5 44.3 45.0 45.7 46.3 47.0 47.5 48.0 48.5 48.9 49.2 49.5 49.7 49.9 50.0 50.1 50.0 49.9 49.7 49.5 49.2 48.8 48.3 47.7 47.1 46.4 45.7 44.9 44.2 43.4 42.6 41.9 41.2 40.6 40.0 39.4 38.8 38.3 37.9 37.4 37.1 36.7 36.4 36.1 35.8 35.6 35.4 35.3 35.1 35.0 35.0 
33.5 33.5 33.6 33.7 33.9 34.1 34.3 34.5 34.8 35.1 35.4 35.8 36.1 36.6 37.0 37.5 38.1 38.6 39.2 39.9 40.6 41.3 42.0 42.7 43.5 44.2 45.0 45.7 46.3 46.9 47.5 48.0 48.4 48.8 49.2 49.5 49.7 49.9 50.0 50.0 50.0 49.9 49.7 49.4 49.1 48.7 48.2 47.7 47.1 46.4 45.7 44.9 44.1 43.4 42.6 41.9 41.2 40.6 40.0 39.4 38.8 38.3 37.9 37.4 37.1 36.7 36.4 36.1 35.8 35.6 35.4 35.3 35.1 35.0 35.0 
33.5 33.5 33.6 33.7 33.9 34.0 34.2 34.5 34.7 35.0 35.4 35.7 36.1 36.6 37.0 37.5 38.1 38.6 39.2 39.9 40.5 41.2 42.0 42.7 43.5 44.2 44.9 45.6 46.3 46.9 47.4 48.0 48.4 48.8 49.2 49.5 49.7 49.9 50.0 50.0 50.0 49.8 49.7 49.4 49.1 48.7 48.2 47.7 47.0 46.4 45.6 44.9 44.1 43.4 42.6 41.9 41.2 40.6 40.0 39.4 38.8 38.3 37.9 37.4 37.0 36.7 36.4 36.1 35.8 35.6 35.4 35.2 35.1 35.0 35.0 
# z = 0.04
34.1 34.2 34.3 34.4 34.5 34.7 34.9 35.2 35.5 35.8 36.1 36.5 36.9 37.4 37.9 38.4 39.0 39.6 40.2 40.9 41.7 42.4 43.2 44.1 45.0 45.8 46.7 47.4 48.2 48.8 49.4 50.0 50.5 50.9 51.3 51.6 51.9 52.1 52.2 52.2 52.2 52.1 51.9 51.6 51.3 50.9 50.4 49.8 49.0 48.3 47.4 46.5 45.6 44.7 43.9 43.1 42.3 41.6 41.0 40.3 39.8 39.2 38.7 38.3 37.9 37.5 37.1 36.8 36.6 36.3 36.1 36.0 35.9 35.8 35.7 
34.1 34.2 34.3 34.4 34.6 34.7 35.0 35.2 35.5 35.8 36.1 36.5 36.9 37.4 37.9 38.4 39.0 39.6 40.2 40.9 41.7 42.4 43.2 44.1 45.0 45.8 46.6 47.4 48.1 48.8 49.4 49.9 50.4 50.9 51.3 51.6 51.9 52.1 52.2 52.2 52.2 52.0 51.9 51.6 51.3 50.8 50.3 49.7 49.0 48.2 47.4 46.5 45.6 44.7 43.9 43.1 42.4 41.6 41.0 40.4 39.8 39.2 38.8 38.3 37.9 37.5 37.2 36.9 36.6 36.4 36.2 36.0 35.9 35.8 35.7 
34.1 34.2 34.3 34.4 34.6 34.7 35.0 35.2 35.5 35.8 36.1 36.5 36.9 37.4 37.9 38.4 39.0 39.6 40.2 40.9 41.7 42.4 43.2 44.1 44.9 45.8 46.6 47.3 48.1 48.7 49.3 49.9 50.4 50.8 51.2 51.5 51.8 52.0 52.1 52.2 52.1 52.0 51.8 51.5 51.2 50.7 50.2 49.6 48.9 48.1 47.3 46.5 45.6 44.7 43.9 43.1 42.4 41.6 41.0 40.4 39.8 39.2 38.8 38.3 37.9 37.5 37.2 36.9 36.6 36.4 36.2 36.0 35.9 35.8 35.7 
34.1 34.2 34.3 34.4 34.5 34.7 34.9 35.2 35.5 35.8 36.1 36.5 36.9 37.4 37.9 38.4 39.0 39.6 40.2 40.9 41.6 42.4 43.2 44.0 44.9 45.7 46.5 47.3 48.0 48.7 49.3 49.8 50.3 50.8 51.2 51.5 51.8 52.0 52.1 52.1 52.1 51.9 51.7 51.5 51.1 50.7 50.2 49.5 48.8 48.1 47.3 46.4 45.6 44.7 43.9 43.1 42.3 41.6 41.0 40.3 39.8 39.2 38.7 38.3 37.9 37.5 37.1 36.8 36.6 36.3 36.1 36.0 35.9 35.8 35.7 
# z = 0.042
34.8 34.8 34.9 35.0 35.2 35.4 35.6 35.9 36.2 36.5 36.9 37.3 37.7 38.2 38.7 39.2 39.8 40.5 41.2 41.9 42.7 43.6 44.5 45.5 46.5 47.5 48.5 49.3 50.1 50.8 51.5 52.1 52.5 53.0 53.4 53.8 54.1 54.4 54.5 54.5 54.5 54.3 54.2 54.0 53.6 53.2 52.6 51.9 51.1 50.2 49.2 48.1 47.1 46.1 45.1 44.3 43.4 42.7 42.0 41.3 40.7 40.1 39.6 39.1 38.7 38.3 37.9 37.6 37.3 37.1 36.9 36.7 36.6 36.5 36.4 
34.8 34.8 34.9 35.1 35.2 35.4 35.6 35.9 36.2 36.5 36.9 37.3 37.7 38.2 38.7 39.3 39.9 40.5 41.2 42.0 42.7 43.6 44.5 45.4 46.4 47.4 48.3 49.2 50.0 50.7 51.4 52.0 52.5 52.9 53.4 53.8 54.1 54.3 54.4 54.5 54.4 54.3 54.1 53.8 53.5 53.0 52.5 51.8 51.0 50.1 49.1 48.1 47.1 46.1 45.1 44.3 43.5 42.7 42.0 41.3 40.7 40.1 39.6 39.1 38.7 38.3 37.9 37.6 37.3 37.1 36.9 36.7 36.6 36.5 36.4 
34.8 34.8 34.9 35.1 35.2 35.4 35.6 35.9 36.2 36.5 36.9 37.3 37.7 38.2 38.7 39.3 39.9 40.5 41.2 41.9 42.7 43.6 44.5 45.4 46.3 47.3 48.2 49.1 49.9 50.6 51.3 51.8 52.4 52.9 53.3 53.7 54.0 54.2 54.3 54.4 54.3 54.2 54.0 53.7 53.3 52.8 52.3 51.6 50.8 49.9 49.0 48.0 47.0 46.1 45.1 44.3 43.5 42.7 42.0 41.3 40.7 40.1 39.6 39.1 38.7 38.3 37.9 37.6 37.3 37.1 36.9 36.7 36.6 36.5 36.4 
34.8 34.8 34.9 35.0 35.2 35.4 35.6 35.9 36.2 36.5 36.9 37.3 37.7 38.2 38.7 39.2 39.8 40.5 41.2 41.9 42.7 43.6 44.4 45.4 46.3 47.2 48.1 49.0 49.8 50.5 51.2 51.8 52.3 52.8 53.2 53.6 53.9 54.1 54.3 54.3 54.2 54.1 53.9 53.6 53.2 52.7 52.1 51.5 50.7 49.8 48.9 47.9 47.0 46.0 45.1 44.2 43.4 42.7 42.0 41.3 40.7 40.1 39.6 39.1 38.7 38.3 37.9 37.6 37.3 37.1 36.9 36.7 36.6 36.5 36.4 
# z = 0.044
35.4 35.4 35.5 35.7 35.8 36.0 36.3 36.5 36.8 37.2 37.6 38.0 38.4 38.9 39.5 40.1 40.7 41.4 42.1 42.9 43.8 44.7 45.7 46.8 48.0 49.4 50.5 51.4 52.2 53.1 53.8 54.4 54.7 55.2 55.7 56.2 56.6 56.8 57.0 57.0 56.9 56.8 56.6 56.5 56.2 55.8 55.2 54.4 53.5 52.5 51.2 49.8 48.6 47.4 46.4 45.4 44.5 43.7 42.9 42.2 41.6 41.0 40.4 39.9 39.4 39.0 38.7 38.3 38.0 37.8 37.6 37.4 37.3 37.2 37.1 
35.4 35.5 35.6 35.7 35.9 36.0 36.3 36.5 36.9 37.2 37.6 38.0 38.4 38.9 39.5 40.1 40.7 41.4 42.1 42.9 43.8 44.7 45.7 46.8 47.9 49.1 50.2 51.1 51.9 52.8 53.5 54.1 54.6 55.1 55.6 56.0 56.4 56.7 56.8 56.8 56.8 56.6 56.4 56.2 55.8 55.4 54.7 54.0 53.1 52.1 50.9 49.7 48.5 47.4 46.4 45.4 44.5 43.7 42.9 42.2 41.6 41.0 40.4 39.9 39.5 39.0 38.7 38.3 38.0 37.8 37.6 37.4 37.3 37.2 37.1 
35.4 35.5 35.6 35.7 35.9 36.0 36.3 36.5 36.9 37.2 37.6 38.0 38.4 38.9 39.5 40.1 40.7 41.4 42.1 42.9 43.8 44.7 45.7 46.7 47.8 48.8 49.9 50.8 51.7 52.5 53.2 53.8 54.4 54.9 55.4 55.9 56.2 56.5 56.6 56.6 56.6 56.4 56.2 55.9 55.5 55.0 54.4 53.6 52.7 51.8 50.7 49.5 48.4 47.3 46.3 45.4 44.5 43.7 42.9 42.2 41.6 41.0 40.4 39.9 39.5 39.0 38.7 38.3 38.0 37.8 37.6 37.4 37.3 37.2 37.1 
35.4 35.4 35.5 35.7 35.8 36.0 36.3 36.5 36.8 37.2 37.6 38.0 38.4 38.9 39.5 40.1 40.7 41.4 42.1 42.9 43.8 44.7 45.6 46.6 47.7 48.7 49.7 50.6 51.5 52.3 53.0 53.7 54.3 54.8 55.3 55.7 56.1 56.3 56.5 56.5 56.4 56.3 56.0 55.7 55.3 54.8 54.1 53.4 52.5 51.6 50.5 49.4 48.4 47.3 46.3 45.4 44.5 43.7 42.9 42.2 41.6 41.0 40.4 39.9 39.4 39.0 38.7 38.3 38.0 37.8 37.6 37.4 37.3 37.2 37.1 
# z = 0.046
36.0 36.1 36.2 36.3 36.5 36.7 36.9 37.2 37.5 37.8 38.2 38.7 39.1 39.7 40.2 40.9 41.5 42.2 43.0 43.9 44.8 45.8 46.9 48.1 49.7 51.7 53.1 54.0 54.4 55.9 56.7 57.2 57.0 57.5 58.2 58.8 59.3 59.6 59.8 59.8 59.7 59.4 59.2 59.6 59.5 59.0 58.3 57.5 56.5 55.3 53.7 51.6 50.0 48.7 47.5 46.5 45.5 44.6 43.8 43.1 42.4 41.8 41.2 40.7 40.2 39.8 39.4 39.0 38.7 38.5 38.2 38.1 37.9 37.8 37.7 
36.0 36.1 36.2 36.3 36.5 36.7 36.9 37.2 37.5 37.9 38.3 38.7 39.2 39.7 40.3 40.9 41.5 42.3 43.0 43.9 44.8 45.8 46.9 48.1 49.4 50.8 52.0 53.0 53.9 54.9 55.7 56.3 56.7 57.2 57.9 58.4 58.9 59.2 59.3 59.3 59.2 59.0 58.8 58.6 58.3 57.8 57.1 56.3 55.3 54.1 52.8 51.3 49.9 48.6 47.5 46.5 45.5 44.6 43.8 43.1 42.4 41.8 41.2 40.7 40.2 39.8 39.4 39.0 38.7 38.5 38.3 38.1 37.9 37.8 37.8 
36.0 36.1 36.2 36.3 36.5 36.7 36.9 37.2 37.5 37.9 38.3 38.7 39.2 39.7 40.3 40.9 41.5 42.3 43.0 43.9 44.8 45.8 46.8 47.9 49.1 50.4 51.5 52.5 53.4 54.3 55.1 55.8 56.4 57.0 57.5 58.1 58.5 58.8 58.9 59.0 58.9 58.7 58.4 58.1 57.6 57.1 56.4 55.6 54.6 53.5 52.3 51.0 49.8 48.6 47.5 46.5 45.5 44.6 43.8 43.1 42.4 41.8 41.2 40.7 40.2 39.8 39.4 39.0 38.7 38.5 38.3 38.1 37.9 37.8 37.8 
36.0 36.1 36.2 36.3 36.5 36.7 36.9 37.2 37.5 37.8 38.2 38.7 39.1 39.7 40.2 40.9 41.5 42.2 43.0 43.9 44.8 45.7 46.8 47.9 49.0 50.1 51.2 52.3 53.2 54.1 54.8 55.6 56.2 56.8 57.4 57.9 58.3 58.5 58.7 58.7 58.6 58.4 58.1 57.8 57.3 56.8 56.1 55.3 54.3 53.2 52.1 50.9 49.7 48.5 47.4 46.4 45.5 44.6 43.8 43.1 42.4 41.8 41.2 40.7 40.2 39.8 39.4 39.0 38.7 38.5 38.2 38.1 37.9 37.8 37.7 
# z = 0.048
36.6 36.6 36.7 36.9 37.1 37.3 37.5 37.8 38.1 38.5 38.9 39.3 39.8 40.4 41.0 41.6 42.3 43.1 43.9 44.8 45.7 46.8 48.0 49.3 51.0 53.4 54.9 55.9 56.3 57.9 58.8 59.3 59.1 59.7 61.2 62.0 62.6 63.0 63.2 63.2 63.0 62.5 61.7 62.0 61.8 61.3 60.6 59.7 58.6 57.2 55.5 53.0 51.3 49.8 48.6 47.5 46.5 45.5 44.7 43.9 43.2 42.5 42.0 41.4 40.9 40.5 40.1 39.7 39.4 39.1 38.9 38.7 38.6 38.5 38.4 
36.6 36.7 36.8 36.9 37.1 37.3 37.5 37.8 38.1 38.5 38.9 39.4 39.8 40.4 41.0 41.6 42.3 43.1 43.9 44.8 45.7 46.8 47.9 49.2 50.7 52.3 53.6 54.7 55.6 56.7 57.5 58.2 58.6 59.3 60.2 60.9 61.4 61.8 61.9 61.9 61.8 61.4 61.0 60.8 60.4 59.9 59.1 58.2 57.1 55.9 54.4 52.7 51.1 49.8 48.6 47.5 46.5 45.5 44.7 43.9 43.2 42.6 42.0 41.4 40.9 40.5 40.1 39.7 39.4 39.1 38.9 38.7 38.6 38.5 38.4 
36.6 36.7 36.8 36.9 37.1 37.3 37.5 37.8 38.1 38.5 38.9 39.4 39.8 40.4 41.0 41.6 42.3 43.1 43.9 44.8 45.7 46.8 47.9 49.1 50.4 51.7 52.9 54.0 55.0 56.0 56.8 57.6 58.2 58.9 59.6 60.2 60.7 61.1 61.2 61.2 61.1 60.8 60.4 60.1 59.6 59.0 58.2 57.3 56.3 55.1 53.8 52.4 51.0 49.7 48.5 47.5 46.5 45.5 44.7 43.9 43.2 42.6 42.0 41.4 40.9 40.5 40.1 39.7 39.4 39.1 38.9 38.7 38.6 38.5 38.4 
36.6 36.6 36.7 36.9 37.1 37.3 37.5 37.8 38.1 38.5 38.9 39.3 39.8 40.4 41.0 41.6 42.3 43.0 43.9 44.7 45.7 46.7 47.8 49.0 50.2 51.5 52.6 53.7 54.7 55.7 56.5 57.3 58.0 58.7 59.3 59.9 60.4 60.7 60.9 60.9 60.7 60.5 60.1 59.7 59.2 58.6 57.8 56.9 55.9 54.8 53.5 52.2 50.9 49.7 48.5 47.4 46.4 45.5 44.7 43.9 43.2 42.5 42.0 41.4 40.9 40.5 40.1 39.7 39.4 39.1 38.9 38.7 38.6 38.5 38.4 
# z = 0.05
37.1 37.2 37.3 37.5 37.6 37.8 38.1 38.4 38.7 39.1 39.5 40.0 40.5 41.0 41.7 42.3 43.0 43.8 44.7 45.6 46.6 47.7 48.9 50.4 52.2 54.6 56.2 57.3 57.7 59.4 60.4 61.0 60.9 61.7 63.4 64.4 65.1 65.6 65.7 65.7 65.4 64.8 63.7 63.9 63.6 63.0 62.2 61.3 60.1 58.6 56.8 54.2 52.4 50.9 49.6 48.4 47.3 46.4 45.5 44.7 44.0 43.3 42.7 42.1 41.6 41.1 40.7 40.4 40.0 39.8 39.5 39.3 39.2 39.1 39.0 
37.2 37.2 37.3 37.5 37.6 37.9 38.1 38.4 38.7 39.1 39.5 40.0 40.5 41.1 41.7 42.3 43.0 43.8 44.7 45.6 46.6 47.7 48.9 50.3 51.8 53.5 54.9 56.0 57.0 58.1 59.1 59.8 60.3 61.1 62.2 63.0 63.6 64.0 64.2 64.2 64.0 63.5 62.9 62.6 62.1 61.5 60.7 59.7 58.6 57.2 55.7 53.9 52.2 50.8 49.5 48.4 47.4 46.4 45.5 44.7 44.0 43.3 42.7 42.1 41.6 41.1 40.7 40.4 40.0 39.8 39.5 39.3 39.2 39.1 39.0 
37.2 37.2 37.3 37.5 37.6 37.9 38.1 38.4 38.7 39.1 39.5 40.0 40.5 41.1 41.7 42.3 43.0 43.8 44.7 45.6 46.6 47.7 48.8 50.1 51.5 52.9 54.2 55.3 56.4 57.4 58.3 59.1 59.9 60.7 61.5 62.2 62.8 63.1 63.3 63.3 63.1 62.7 62.3 61.8 61.3 60.6 59.8 58.8 57.7 56.4 55.0 53.5 52.1 50.7 49.5 48.4 47.3 46.4 45.5 44.7 44.0 43.3 42.7 42.1 41.6 41.1 40.7 40.4 40.0 39.8 39.5 39.3 39.2 39.1 39.0 
37.1 37.2 37.3 37.5 37.6 37.8 38.1 38.4 38.7 39.1 39.5 40.0 40.5 41.0 41.7 42.3 43.0 43.8 44.7 45.6 46.6 47.6 48.8 50.0 51.3 52.6 53.8 55.0 56.0 57.0 58.0 58.8 59.6 60.4 61.1 61.8 62.3 62.7 62.9 62.8 62.7 62.3 61.9 61.4 60.8 60.1 59.3 58.3 57.3 56.0 54.7 53.3 52.0 50.7 49.5 48.4 47.3 46.4 45.5 44.7 44.0 43.3 42.7 42.1 41.6 41.1 40.7 40.4 40.0 39.8 39.5 39.3 39.2 39.1 39.0 
# z = 0.052
37.7 37.8 37.9 38.0 38.2 38.4 38.7 39.0 39.3 39.7 40.1 40.6 41.1 41.7 42.3 43.0 43.7 44.5 45.4 46.3 47.4 48.5 49.8 51.3 53.0 55.5 57.1 58.2 58.7 60.4 61.6 62.2 62.3 63.2 65.1 66.3 67.1 67.6 67.7 67.7 67.3 66.6 65.3 65.3 64.9 64.2 63.3 62.3 61.0 59.6 57.7 55.2 53.3 51.8 50.4 49.2 48.2 47.2 46.3 45.4 44.7 44.0 43.3 42.8 42.2 41.8 41.3 41.0 40.6 40.4 40.1 39.9 39.8 39.7 39.6 
37.7 37.8 37.9 38.0 38.2 38.4 38.7 39.0 39.3 39.7 40.1 40.6 41.1 41.7 42.3 43.0 43.7 44.5 45.4 46.4 47.4 48.5 49.8 51.1 52.7 54.4 55.8 57.0 58.0 59.2 60.3 61.1 61.7 62.7 63.8 64.8 65.5 65.9 66.1 66.1 65.8 65.2 64.5 64.0 63.4 62.7 61.8 60.8 59.6 58.2 56.6 54.8 53.2 51.7 50.4 49.2 48.2 47.2 46.3 45.4 44.7 44.0 43.4 42.8 42.3 41.8 41.4 41.0 40.7 40.4 40.1 39.9 39.8 39.7 39.6 
37.7 37.8 37.9 38.0 38.2 38.4 38.7 39.0 39.3 39.7 40.1 40.6 41.1 41.7 42.3 43.0 43.7 44.5 45.4 46.4 47.4 48.5 49.7 51.0 52.4 53.8 55.1 56.3 57.4 58.5 59.5 60.4 61.3 62.2 63.1 63.9 64.5 64.9 65.1 65.1 64.8 64.4 63.8 63.2 62.6 61.8 60.9 59.9 58.8 57.5 56.0 54.5 53.0 51.6 50.4 49.2 48.2 47.2 46.3 45.4 44.7 44.0 43.4 42.8 42.3 41.8 41.4 41.0 40.7 40.4 40.1 39.9 39.8 39.7 39.6 
37.7 37.8 37.9 38.0 38.2 38.4 38.7 39.0 39.3 39.7 40.1 40.6 41.1 41.7 42.3 43.0 43.7 44.5 45.4 46.3 47.4 48.5 49.6 50.9 52.2 53.5 54.8 56.0 57.1 58.2 59.2 60.1 61.0 61.9 62.7 63.5 64.0 64.4 64.6 64.6 64.3 64.0 63.4 62.8 62.2 61.4 60.5 59.5 58.4 57.1 55.7 54.3 52.9 51.6 50.3 49.2 48.1 47.2 46.3 45.4 44.7 44.0 43.3 42.8 42.2 41.8 41.3 41.0 40.6 40.4 40.1 39.9 39.8 39.7 39.6 
# z = 0.054
38.2 38.3 38.4 38.5 38.7 38.9 39.2 39.5 39.8 40.2 40.7 41.2 41.7 42.3 42.9 43.6 44.4 45.2 46.1 47.0 48.1 49.2 50.5 51.9 53.6 55.9 57.5 58.7 59.3 61.0 62.1 63.0 63.3 64.5 66.5 67.8 68.7 69.2 69.3 69.2 68.8 67.9 66.4 66.1 65.5 64.7 63.7 62.7 61.4 60.0 58.2 55.8 54.0 52.5 51.2 50.0 48.9 47.9 47.0 46.1 45.3 44.6 44.0 43.4 42.9 42.4 41.9 41.6 41.2 40.9 40.7 40.5 40.3 40.2 40.1 
38.2 38.3 38.4 38.5 38.7 38.9 39.2 39.5 39.9 40.3 40.7 41.2 41.7 42.3 42.9 43.6 44.4 45.2 46.1 47.1 48.1 49.2 50.5 51.9 53.4 55.0 56.4 57.7 58.7 60.0 61.1 62.0 62.8 63.9 65.2 66.3 67.0 67.5 67.7 67.6 67.2 66.6 65.7 65.0 64.3 63.5 62.5 61.4 60.2 58.8 57.3 55.5 53.9 52.5 51.2 50.0 48.9 47.9 47.0 46.1 45.4 44.6 44.0 43.4 42.9 42.4 42.0 41.6 41.2 40.9 40.7 40.5 40.3 40.2 40.2 
38.2 38.3 38.4 38.5 38.7 38.9 39.2 39.5 39.9 40.3 40.7 41.2 41.7 42.3 42.9 43.6 44.4 45.2 46.1 47.1 48.1 49.2 50.4 51.7 53.1 54.5 55.9 57.1 58.3 59.4 60.5 61.5 62.4 63.4 64.4 65.3 66.0 66.4 66.6 66.6 66.2 65.7 65.0 64.3 63.6 62.7 61.8 60.7 59.5 58.2 56.8 55.3 53.8 52.4 51.2 50.0 48.9 47.9 47.0 46.1 45.4 44.6 44.0 43.4 42.9 42.4 42.0 41.6 41.2 40.9 40.7 40.5 40.3 40.2 40.2 
38.2 38.3 38.4 38.5 38.7 38.9 39.2 39.5 39.8 40.2 40.7 41.2 41.7 42.3 42.9 43.6 44.4 45.2 46.1 47.0 48.1 49.2 50.4 51.7 53.0 54.3 55.6 56.8 58.0 59.1 60.2 61.2 62.2 63.1 64.1 64.9 65.5 65.9 66.1 66.0 65.8 65.3 64.7 64.0 63.2 62.4 61.4 60.4 59.2 57.9 56.5 55.1 53.7 52.4 51.1 50.0 48.9 47.9 47.0 46.1 45.3 44.6 44.0 43.4 42.9 42.4 41.9 41.6 41.2 40.9 40.7 40.5 40.3 40.2 40.1 
# z = 0.056
38.7 38.8 38.9 39.0 39.2 39.4 39.7 40.0 40.4 40.8 41.2 41.7 42.2 42.8 43.5 44.2 45.0 45.8 46.7 47.7 48.7 49.9 51.1 52.5 54.0 55.6 57.1 58.3 59.4 60.7 61.9 62.9 64.0 65.4 67.6 69.0 69.9 70.4 70.6 70.5 69.9 68.9 67.2 66.1 65.2 64.3 63.3 62.1 60.9 59.5 57.9 56.2 54.6 53.2 51.9 50.7 49.6 48.5 47.6 46.7 45.9 45.2 44.6 44.0 43.4 42.9 42.5 42.1 41.8 41.5 41.2 41.0 40.9 40.8 40.7 
38.7 38.8 38.9 39.0 39.2 39.5 39.7 40.0 40.4 40.8 41.2 41.7 42.3 42.8 43.5 44.2 45.0 45.8 46.7 47.7 48.7 49.9 51.1 52.5 53.9 55.3 56.7 58.0 59.2 60.4 61.5 62.6 63.7 64.9 66.3 67.5 68.3 68.8 68.9 68.8 68.4 67.6 66.6 65.7 64.8 63.8 62.8 61.7 60.5 59.1 57.6 56.1 54.6 53.2 51.9 50.7 49.6 48.5 47.6 46.8 46.0 45.2 44.6 44.0 43.4 42.9 42.5 42.1 41.8 41.5 41.2 41.0 40.9 40.8 40.7 
38.7 38.8 38.9 39.0 39.2 39.5 39.7 40.0 40.4 40.8 41.2 41.7 42.3 42.8 43.5 44.2 45.0 45.8 46.7 47.7 48.7 49.9 51.1 52.4 53.7 55.1 56.4 57.7 58.9 60.0 61.2 62.3 63.3 64.4 65.6 66.5 67.2 67.7 67.9 67.8 67.4 66.8 66.0 65.2 64.3 63.4 62.4 61.3 60.1 58.8 57.4 55.9 54.5 53.1 51.8 50.7 49.6 48.5 47.6 46.8 46.0 45.2 44.6 44.0 43.4 42.9 42.5 42.1 41.8 41.5 41.2 41.0 40.9 40.8 40.7 
38.7 38.8 38.9 39.0 39.2 39.4 39.7 40.0 40.4 40.8 41.2 41.7 42.2 42.8 43.5 44.2 45.0 45.8 46.7 47.7 48.7 49.8 51.0 52.3 53.6 55.0 56.3 57.5 58.7 59.9 61.0 62.0 63.1 64.2 65.2 66.0 66.7 67.1 67.3 67.2 66.9 66.4 65.7 64.9 64.1 63.2 62.1 61.1 59.9 58.6 57.2 55.8 54.4 53.1 51.8 50.6 49.5 48.5 47.6 46.7 45.9 45.2 44.6 44.0 43.4 42.9 42.5 42.1 41.8 41.5 41.2 41.0 40.9 40.8 40.7 
# z = 0.058
39.2 39.3 39.4 39.5 39.7 39.9 40.2 40.5 40.9 41.3 41.7 42.2 42.7 43.3 44.0 44.7 45.5 46.3 47.3 48.2 49.3 50.5 51.7 53.0 54.4 55.9 57.2 58.5 59.7 61.0 62.1 63.3 64.6 66.2 68.5 69.9 70.9 71.4 71.6 71.4 70.8 69.8 67.8 66.5 65.5 64.4 63.4 62.2 61.0 59.6 58.1 56.6 55.2 53.8 52.5 51.3 50.1 49.1 48.2 47.3 46.5 45.8 45.1 44.5 44.0 43.5 43.0 42.6 42.3 42.0 41.7 41.5 41.4 41.3 41.2 
39.2 39.3 39.4 39.5 39.7 39.9 40.2 40.5 40.9 41.3 41.7 42.2 42.8 43.4 44.0 44.7 45.5 46.4 47.3 48.3 49.3 50.5 51.7 53.0 54.4 55.8 57.1 58.4 59.6 60.8 62.0 63.1 64.4 65.7 67.2 68.4 69.2 69.7 69.9 69.8 69.3 68.5 67.3 66.2 65.2 64.2 63.2 62.0 60.8 59.4 58.0 56.6 55.1 53.8 52.5 51.3 50.2 49.1 48.2 47.3 46.5 45.8 45.1 44.5 44.0 43.5 43.0 42.6 42.3 42.0 41.8 41.6 41.4 41.3 41.2 
39.2 39.3 39.4 39.5 39.7 39.9 40.2 40.5 40.9 41.3 41.7 42.2 42.8 43.4 44.0 44.7 45.5 46.4 47.3 48.2 49.3 50.4 51.7 52.9 54.3 55.6 56.9 58.2 59.4 60.6 61.8 62.9 64.1 65.3 66.4 67.4 68.2 68.6 68.8 68.7 68.3 67.7 66.8 65.9 65.0 64.0 62.9 61.8 60.6 59.3 57.9 56.5 55.1 53.7 52.5 51.3 50.2 49.1 48.2 47.3 46.5 45.8 45.1 44.5 44.0 43.5 43.0 42.6 42.3 42.0 41.8 41.6 41.4 41.3 41.2 
39.2 39.3 39.4 39.5 39.7 39.9 40.2 40.5 40.9 41.3 41.7 42.2 42.7 43.3 44.0 44.7 45.5 46.3 47.2 48.2 49.3 50.4 51.6 52.9 54.2 55.5 56.8 58.1 59.3 60.5 61.6 62.8 63.9 65.0 66.0 67.0 67.6 68.1 68.3 68.2 67.8 67.3 66.5 65.7 64.8 63.8 62.7 61.6 60.4 59.1 57.8 56.4 55.0 53.7 52.4 51.2 50.1 49.1 48.2 47.3 46.5 45.8 45.1 44.5 44.0 43.5 43.0 42.6 42.3 42.0 41.7 41.5 41.4 41.3 41.2 
# z = 0.06
39.6 39.7 39.8 40.0 40.1 40.4 40.6 41.0 41.3 41.7 42.2 42.7 43.2 43.8 44.5 45.2 46.0 46.8 47.8 48.7 49.8 51.0 52.2 53.5 54.9 56.3 57.6 58.9 60.2 61.4 62.6 63.8 65.2 66.8 69.1 70.6 71.6 72.1 72.3 72.1 71.5 70.4 68.4 67.1 65.9 64.9 63.8 62.6 61.4 60.0 58.6 57.1 55.7 54.3 53.0 51.8 50.7 49.6 48.7 47.8 47.0 46.3 45.6 45.0 44.4 44.0 43.5 43.1 42.8 42.5 42.2 42.0 41.9 41.7 41.7 
39.6 39.7 39.8 40.0 40.2 40.4 40.7 41.0 41.3 41.7 42.2 42.7 43.2 43.8 44.5 45.2 46.0 46.8 47.8 48.8 49.8 51.0 52.2 53.5 54.9 56.2 57.6 58.8 60.1 61.3 62.5 63.7 65.0 66.4 67.9 69.1 69.9 70.4 70.6 70.5 70.0 69.1 67.9 66.8 65.8 64.7 63.6 62.5 61.2 59.9 58.5 57.1 55.6 54.3 53.0 51.8 50.7 49.7 48.7 47.8 47.0 46.3 45.6 45.0 44.5 44.0 43.5 43.1 42.8 42.5 42.2 42.0 41.9 41.8 41.7 
39.6 39.7 39.8 40.0 40.2 40.4 40.7 41.0 41.3 41.7 42.2 42.7 43.2 43.8 44.5 45.2 46.0 46.8 47.8 48.8 49.8 51.0 52.2 53.5 54.8 56.1 57.4 58.7 59.9 61.1 62.3 63.5 64.7 65.9 67.1 68.1 68.9 69.4 69.5 69.4 69.0 68.3 67.4 66.5 65.5 64.5 63.4 62.3 61.1 59.8 58.4 57.0 55.6 54.3 53.0 51.8 50.7 49.7 48.7 47.8 47.0 46.3 45.6 45.0 44.5 44.0 43.5 43.1 42.8 42.5 42.2 42.0 41.9 41.8 41.7 
39.6 39.7 39.8 40.0 40.1 40.4 40.6 41.0 41.3 41.7 42.2 42.7 43.2 43.8 44.5 45.2 46.0 46.8 47.7 48.7 49.8 50.9 52.1 53.4 54.7 56.0 57.3 58.6 59.8 61.0 62.2 63.4 64.5 65.6 66.7 67.6 68.4 68.8 69.0 68.9 68.5 67.9 67.2 66.3 65.4 64.4 63.3 62.2 60.9 59.7 58.3 56.9 55.6 54.2 53.0 51.8 50.7 49.6 48.7 47.8 47.0 46.3 45.6 45.0 44.4 44.0 43.5 43.1 42.8 42.5 42.2 42.0 41.9 41.7 41.7 
# z = 0.062
40.1 40.1 40.2 40.4 40.6 40.8 41.1 41.4 41.7 42.2 42.6 43.1 43.7 44.3 44.9 45.6 46.4 47.3 48.2 49.2 50.3 51.4 52.7 54.0 55.4 56.9 58.2 59.5 60.8 62.0 63.2 64.4 65.7 67.3 69.6 71.1 72.0 72.6 72.8 72.6 72.0 70.9 69.0 67.7 66.6 65.5 64.4 63.3 62.0 60.6 59.2 57.7 56.2 54.8 53.5 52.3 51.1 50.1 49.1 48.3 47.5 46.7 46.1 45.5 44.9 44.4 44.0 43.6 43.2 42.9 42.7 42.5 42.3 42.2 42.1 
40.1 40.1 40.2 40.4 40.6 40.8 41.1 41.4 41.8 42.2 42.6 43.1 43.7 44.3 44.9 45.7 46.4 47.3 48.2 49.2 50.3 51.4 52.7 54.0 55.4 56.8 58.1 59.4 60.6 61.9 63.1 64.2 65.5 66.8 68.4 69.6 70.4 70.9 71.1 71.0 70.5 69.6 68.5 67.4 66.3 65.3 64.2 63.1 61.8 60.5 59.1 57.6 56.1 54.8 53.5 52.3 51.1 50.1 49.2 48.3 47.5 46.8 46.1 45.5 44.9 44.4 44.0 43.6 43.2 42.9 42.7 42.5 42.3 42.2 42.1 
40.1 40.1 40.2 40.4 40.6 40.8 41.1 41.4 41.8 42.2 42.6 43.1 43.7 44.3 44.9 45.7 46.4 47.3 48.2 49.2 50.3 51.4 52.6 53.9 55.3 56.6 58.0 59.2 60.5 61.7 62.8 64.0 65.2 66.4 67.6 68.6 69.3 69.8 70.0 69.9 69.5 68.8 67.9 67.0 66.1 65.1 64.0 62.8 61.6 60.3 58.9 57.5 56.1 54.7 53.4 52.3 51.1 50.1 49.2 48.3 47.5 46.8 46.1 45.5 44.9 44.4 44.0 43.6 43.2 42.9 42.7 42.5 42.3 42.2 42.1 
40.1 40.1 40.2 40.4 40.6 40.8 41.1 41.4 41.7 42.2 42.6 43.1 43.7 44.3 44.9 45.6 46.4 47.3 48.2 49.2 50.2 51.4 52.6 53.9 55.2 56.5 57.8 59.1 60.3 61.5 62.7 63.9 65.0 66.1 67.2 68.1 68.8 69.3 69.4 69.4 69.0 68.4 67.6 66.8 65.9 64.9 63.8 62.7 61.5 60.2 58.8 57.4 56.0 54.7 53.4 52.2 51.1 50.1 49.1 48.3 47.5 46.7 46.1 45.5 44.9 44.4 44.0 43.6 43.2 42.9 42.7 42.5 42.3 42.2 42.1 
# z = 0.064
40.5 40.5 40.6 40.8 41.0 41.2 41.5 41.8 42.1 42.5 43.0 43.5 44.1 44.7 45.3 46.0 46.8 47.7 48.6 49.6 50.7 51.8 53.1 54.5 56.0 57.6 59.1 60.4 61.5 62.8 64.0 65.1 66.2 67.7 69.9 71.3 72.3 72.8 73.0 72.8 72.3 71.3 69.5 68.4 67.4 66.5 65.4 64.3 63.0 61.6 60.0 58.2 56.6 55.2 53.9 52.6 51.5 50.5 49.5 48.7 47.9 47.1 46.5 45.9 45.3 44.8 44.4 44.0 43.6 43.3 43.1 42.9 42.7 42.6 42.5 
40.5 40.5 40.6 40.8 41.0 41.2 41.5 41.8 42.2 42.6 43.0 43.5 44.1 44.7 45.3 46.0 46.8 47.7 48.6 49.6 50.7 51.8 53.1 54.4 55.9 57.4 58.8 60.0 61.2 62.5 63.7 64.8 65.9 67.2 68.6 69.8 70.6 71.1 71.3 71.2 70.7 69.9 68.9 67.9 67.0 66.0 64.9 63.8 62.6 61.2 59.7 58.1 56.6 55.2 53.9 52.6 51.5 50.5 49.6 48.7 47.9 47.2 46.5 45.9 45.3 44.8 44.4 44.0 43.7 43.4 43.1 42.9 42.7 42.6 42.6 
40.5 40.5 40.6 40.8 41.0 41.2 41.5 41.8 42.2 42.6 43.0 43.5 44.1 44.7 45.3 46.0 46.8 47.7 48.6 49.6 50.7 51.8 53.0 54.3 55.7 57.1 58.5 59.7 61.0 62.2 63.3 64.4 65.5 66.7 67.8 68.8 69.6 70.0 70.2 70.1 69.7 69.1 68.3 67.4 66.5 65.6 64.5 63.4 62.2 60.8 59.4 57.9 56.5 55.1 53.8 52.6 51.5 50.5 49.6 48.7 47.9 47.2 46.5 45.9 45.3 44.8 44.4 44.0 43.7 43.4 43.1 42.9 42.7 42.6 42.6 
40.5 40.5 40.6 40.8 41.0 41.2 41.5 41.8 42.1 42.5 43.0 43.5 44.1 44.7 45.3 46.0 46.8 47.7 48.6 49.6 50.6 51.8 53.0 54.3 55.6 57.0 58.3 59.6 60.8 62.0 63.1 64.2 65.3 66.4 67.5 68.3 69.0 69.5 69.7 69.6 69.2 68.7 68.0 67.2 66.3 65.3 64.3 63.2 62.0 60.6 59.3 57.8 56.4 55.1 53.8 52.6 51.5 50.5 49.5 48.7 47.9 47.1 46.5 45.9 45.3 44.8 44.4 44.0 43.6 43.3 43.1 42.9 42.7 42.6 42.5 
# z = 0.066
40.8 40.9 41.0 41.2 41.3 41.6 41.8 42.2 42.5 42.9 43.4 43.9 44.4 45.0 45.7 46.4 47.1 48.0 48.9 49.9 51.0 52.1 53.4 54.9 56.6 58.9 60.5 61.7 62.4 64.1 65.4 66.3 66.6 67.9 70.0 71.3 72.2 72.7 72.9 72.8 72.3 71.4 69.9 69.5 68.8 68.0 67.0 65.8 64.5 63.1 61.3 58.9 57.1 55.5 54.2 53.0 51.8 50.8 49.9 49.0 48.2 47.5 46.8 46.2 45.7 45.2 44.8 44.4 44.0 43.7 43.5 43.3 43.1 43.0 42.9 
40.8 40.9 41.0 41.2 41.4 41.6 41.9 42.2 42.5 42.9 43.4 43.9 44.4 45.0 45.7 46.4 47.2 48.0 48.9 49.9 51.0 52.1 53.4 54.8 56.3 58.0 59.5 60.7 61.8 63.1 64.3 65.3 66.2 67.3 68.7 69.8 70.6 71.1 71.3 71.2 70.7 70.0 69.1 68.4 67.6 66.7 65.7 64.6 63.3 61.9 60.3 58.6 57.0 55.5 54.2 53.0 51.9 50.8 49.9 49.0 48.2 47.5 46.9 46.3 45.7 45.2 44.8 44.4 44.0 43.7 43.5 43.3 43.1 43.0 42.9 
40.8 40.9 41.0 41.2 41.4 41.6 41.9 42.2 42.5 42.9 43.4 43.9 44.4 45.0 45.7 46.4 47.2 48.0 48.9 49.9 51.0 52.1 53.4 54.7 56.1 57.5 58.9 60.2 61.4 62.6 63.7 64.7 65.7 66.8 67.9 68.8 69.5 70.0 70.2 70.1 69.8 69.2 68.5 67.7 66.9 66.0 65.0 63.9 62.7 61.3 59.9 58.3 56.8 55.4 54.2 53.0 51.8 50.8 49.9 49.0 48.2 47.5 46.9 46.3 45.7 45.2 44.8 44.4 44.0 43.7 43.5 43.3 43.1 43.0 42.9 
40.8 40.9 41.0 41.2 41.3 41.6 41.8 42.2 42.5 42.9 43.4 43.9 44.4 45.0 45.7 46.4 47.1 48.0 48.9 49.9 50.9 52.1 53.3 54.6 56.0 57.3 58.7 59.9 61.1 62.3 63.4 64.5 65.5 66.5 67.5 68.4 69.0 69.4 69.6 69.6 69.3 68.8 68.1 67.4 66.5 65.6 64.6 63.5 62.3 61.0 59.6 58.2 56.8 55.4 54.1 52.9 51.8 50.8 49.9 49.0 48.2 47.5 46.8 46.2 45.7 45.2 44.8 44.4 44.0 43.7 43.5 43.3 43.1 43.0 42.9 
# z = 0.068
41.2 41.2 41.4 41.5 41.7 41.9 42.2 42.5 42.8 43.2 43.7 44.2 44.7 45.3 46.0 46.7 47.4 48.3 49.2 50.1 51.2 52.4 53.7 55.2 57.0 59.5 61.1 62.3 62.9 64.6 65.8 66.6 66.7 67.8 69.8 71.0 71.9 72.4 72.6 72.5 72.1 71.2 69.9 69.8 69.3 68.5 67.6 66.5 65.2 63.7 61.8 59.2 57.3 55.8 54.4 53.2 52.1 51.1 50.2 49.3 48.5 47.8 47.2 46.6 46.0 45.5 45.1 44.7 44.4 44.1 43.8 43.6 43.5 43.4 43.3 
41.2 41.3 41.4 41.5 41.7 41.9 42.2 42.5 42.9 43.3 43.7 44.2 44.7 45.3 46.0 46.7 47.5 48.3 49.2 50.2 51.2 52.4 53.6 55.1 56.6 58.4 59.9 61.1 62.2 63.4 64.5 65.4 66.2 67.2 68.5 69.5 70.3 70.7 70.9 70.8 70.5 69.9 69.1 68.5 67.8 67.0 66.1 65.0 63.8 62.4 60.7 58.9 57.2 55.7 54.4 53.2 52.1 51.1 50.2 49.3 48.5 47.8 47.2 46.6 46.0 45.6 45.1 44.7 44.4 44.1 43.9 43.7 43.5 43.4 43.3 
41.2 41.3 41.4 41.5 41.7 41.9 42.2 42.5 42.9 43.3 43.7 44.2 44.7 45.3 46.0 46.7 47.4 48.3 49.2 50.1 51.2 52.3 53.6 54.9 56.3 57.8 59.2 60.4 61.6 62.7 63.8 64.8 65.7 66.7 67.7 68.6 69.2 69.7 69.9 69.8 69.5 69.0 68.4 67.7 67.0 66.2 65.2 64.1 62.9 61.6 60.1 58.6 57.1 55.7 54.4 53.2 52.1 51.1 50.2 49.3 48.5 47.8 47.2 46.6 46.0 45.6 45.1 44.7 44.4 44.1 43.9 43.7 43.5 43.4 43.3 
41.2 41.2 41.4 41.5 41.7 41.9 42.2 42.5 42.8 43.2 43.7 44.2 44.7 45.3 46.0 46.7 47.4 48.3 49.2 50.1 51.2 52.3 53.5 54.8 56.2 57.6 58.9 60.1 61.3 62.4 63.5 64.5 65.4 66.4 67.3 68.1 68.7 69.1 69.3 69.3 69.0 68.6 68.0 67.3 66.6 65.7 64.8 63.7 62.5 61.2 59.8 58.4 57.0 55.6 54.3 53.2 52.1 51.1 50.2 49.3 48.5 47.8 47.2 46.6 46.0 45.5 45.1 44.7 44.4 44.1 43.8 43.6 43.5 43.4 43.3 
# z = 0.07
41.5 41.6 41.7 41.8 42.0 42.2 42.5 42.8 43.2 43.6 44.0 44.5 45.0 45.6 46.2 46.9 47.7 48.5 49.4 50.3 51.4 52.5 53.8 55.3 57.1 59.6 61.3 62.4 62.9 64.6 65.8 66.4 66.4 67.4 69.2 70.5 71.2 71.7 71.9 71.8 71.4 70.7 69.5 69.5 69.1 68.4 67.6 66.5 65.3 63.8 61.9 59.3 57.4 55.9 54.5 53.3 52.3 51.3 50.4 49.5 48.8 48.1 47.4 46.9 46.3 45.8 45.4 45.0 44.7 44.4 44.2 44.0 43.8 43.7 43.6 
41.5 41.6 41.7 41.8 42.0 42.2 42.5 42.8 43.2 43.6 44.0 44.5 45.0 45.6 46.2 46.9 47.7 48.5 49.4 50.3 51.4 52.5 53.8 55.2 56.7 58.5 59.9 61.1 62.2 63.4 64.4 65.2 65.9 66.8 68.0 69.0 69.7 70.1 70.3 70.2 69.9 69.4 68.7 68.2 67.6 66.9 66.0 65.0 63.8 62.4 60.8 58.9 57.3 55.8 54.5 53.3 52.3 51.3 50.4 49.6 48.8 48.1 47.5 46.9 46.3 45.9 45.4 45.0 44.7 44.4 44.2 44.0 43.8 43.7 43.6 
41.5 41.6 41.7 41.8 42.0 42.2 42.5 42.8 43.2 43.6 44.0 44.5 45.0 45.6 46.2 46.9 47.7 48.5 49.4 50.3 51.4 52.5 53.7 55.0 56.4 57.9 59.2 60.4 61.5 62.6 63.7 64.6 65.4 66.3 67.2 68.0 68.7 69.1 69.3 69.2 69.0 68.5 68.0 67.4 66.8 66.0 65.1 64.1 62.9 61.6 60.1 58.6 57.1 55.8 54.5 53.3 52.3 51.3 50.4 49.6 48.8 48.1 47.5 46.9 46.3 45.9 45.4 45.0 44.7 44.4 44.2 44.0 43.8 43.7 43.6 
41.5 41.6 41.7 41.8 42.0 42.2 42.5 42.8 43.2 43.6 44.0 44.5 45.0 45.6 46.2 46.9 47.7 48.5 49.4 50.3 51.3 52.4 53.6 54.9 56.2 57.6 58.9 60.1 61.2 62.3 63.3 64.2 65.1 66.0 66.9 67.6 68.2 68.6 68.8 68.7 68.5 68.1 67.6 67.0 66.3 65.5 64.6 63.6 62.5 61.2 59.8 58.4 57.0 55.7 54.5 53.3 52.2 51.3 50.4 49.5 48.8 48.1 47.4 46.9 46.3 45.8 45.4 45.0 44.7 44.4 44.2 44.0 43.8 43.7 43.6 
# z = 0.072
41.8 41.9 42.0 42.1 42.3 42.5 42.8 43.1 43.4 43.8 44.3 44.7 45.3 45.8 46.5 47.1 47.9 48.7 49.5 50.4 51.5 52.6 53.8 55.2 57.0 59.3 60.9 62.0 62.5 64.2 65.2 65.8 65.8 66.6 68.4 69.5 70.2 70.6 70.8 70.7 70.4 69.8 68.7 68.8 68.4 67.8 67.0 66.0 64.8 63.4 61.6 59.1 57.3 55.8 54.5 53.4 52.4 51.4 50.5 49.7 49.0 48.3 47.7 47.1 46.6 46.1 45.7 45.3 45.0 44.7 44.5 44.3 44.1 44.0 43.9 
41.8 41.9 42.0 42.1 42.3 42.5 42.8 43.1 43.5 43.8 44.3 44.7 45.3 45.8 46.5 47.1 47.9 48.7 49.5 50.5 51.5 52.6 53.8 55.1 56.6 58.3 59.7 60.8 61.8 62.9 63.9 64.7 65.3 66.1 67.2 68.1 68.7 69.1 69.3 69.2 69.0 68.5 67.9 67.5 67.0 66.3 65.5 64.5 63.4 62.1 60.5 58.8 57.2 55.8 54.5 53.4 52.4 51.4 50.5 49.7 49.0 48.3 47.7 47.1 46.6 46.1 45.7 45.3 45.0 44.7 44.5 44.3 44.1 44.0 43.9 
41.8 41.9 42.0 42.1 42.3 42.5 42.8 43.1 43.5 43.8 44.3 44.7 45.3 45.8 46.5 47.1 47.9 48.7 49.5 50.4 51.4 52.5 53.7 55.0 56.3 57.7 59.0 60.2 61.2 62.3 63.2 64.1 64.8 65.7 66.5 67.2 67.8 68.2 68.4 68.3 68.1 67.7 67.3 66.8 66.2 65.5 64.6 63.7 62.6 61.3 59.9 58.5 57.0 55.7 54.5 53.4 52.4 51.4 50.5 49.7 49.0 48.3 47.7 47.1 46.6 46.1 45.7 45.3 45.0 44.7 44.5 44.3 44.1 44.0 43.9 
41.8 41.9 42.0 42.1 42.3 42.5 42.8 43.1 43.4 43.8 44.3 44.7 45.3 45.8 46.5 47.1 47.9 48.7 49.5 50.4 51.4 52.5 53.6 54.9 56.2 57.4 58.7 59.8 60.9 61.9 62.9 63.8 64.6 65.4 66.2 66.8 67.4 67.7 67.9 67.9 67.7 67.4 66.9 66.4 65.8 65.0 64.2 63.2 62.2 61.0 59.6 58.3 56.9 55.7 54.5 53.4 52.3 51.4 50.5 49.7 49.0 48.3 47.7 47.1 46.6 46.1 45.7 45.3 45.0 44.7 44.5 44.3 44.1 44.0 43.9 
# z = 0.074
42.1 42.1 42.2 42.4 42.6 42.8 43.1 43.3 43.7 44.1 44.5 45.0 45.5 46.0 46.6 47.3 48.0 48.8 49.6 50.5 51.5 52.5 53.7 55.0 56.6 58.7 60.1 61.2 61.7 63.2 64.2 64.8 64.8 65.6 67.1 68.0 68.6 69.0 69.2 69.1 68.9 68.4 67.4 67.5 67.1 66.5 65.8 64.9 63.8 62.5 60.9 58.7 57.0 55.7 54.5 53.4 52.4 51.5 50.6 49.9 49.1 48.5 47.9 47.3 46.8 46.4 45.9 45.6 45.3 45.0 44.7 44.5 44.4 44.3 44.2 
42.1 42.2 42.3 42.4 42.6 42.8 43.1 43.4 43.7 44.1 44.5 45.0 45.5 46.0 46.7 47.3 48.0 48.8 49.6 50.5 51.5 52.5 53.7 54.9 56.3 57.8 59.1 60.2 61.1 62.2 63.1 63.8 64.4 65.1 66.1 66.8 67.4 67.8 67.9 67.9 67.7 67.3 66.8 66.4 65.9 65.3 64.5 63.6 62.6 61.4 60.0 58.4 56.9 55.6 54.5 53.4 52.4 51.5 50.6 49.9 49.1 48.5 47.9 47.3 46.8 46.4 46.0 45.6 45.3 45.0 44.8 44.6 44.4 44.3 44.2 
42.1 42.2 42.3 42.4 42.6 42.8 43.1 43.4 43.7 44.1 44.5 45.0 45.5 46.0 46.7 47.3 48.0 48.8 49.6 50.5 51.5 52.5 53.6 54.8 56.1 57.3 58.5 59.6 60.6 61.6 62.5 63.3 64.0 64.8 65.5 66.2 66.7 67.0 67.2 67.2 67.0 66.7 66.3 65.8 65.3 64.6 63.8 62.9 61.9 60.8 59.5 58.1 56.8 55.6 54.4 53.4 52.4 51.5 50.6 49.9 49.1 48.5 47.9 47.3 46.8 46.4 46.0 45.6 45.3 45.0 44.8 44.6 44.4 44.3 44.2 
42.1 42.1 42.2 42.4 42.6 42.8 43.1 43.3 43.7 44.1 44.5 45.0 45.5 46.0 46.6 47.3 48.0 48.8 49.6 50.5 51.4 52.5 53.6 54.7 55.9 57.1 58.3 59.4 60.4 61.4 62.2 63.1 63.8 64.6 65.3 65.9 66.4 66.7 66.9 66.8 66.7 66.4 66.0 65.5 64.9 64.3 63.5 62.6 61.6 60.5 59.2 58.0 56.7 55.5 54.4 53.4 52.4 51.5 50.6 49.9 49.1 48.5 47.9 47.3 46.8 46.4 45.9 45.6 45.3 45.0 44.7 44.5 44.4 44.3 44.2 
# z = 0.076
42.3 42.4 42.5 42.6 42.8 43.0 43.3 43.6 43.9 44.3 44.7 45.2 45.7 46.2 46.8 47.4 48.1 48.8 49.6 50.5 51.4 52.4 53.5 54.6 55.9 57.3 58.5 59.5 60.4 61.4 62.3 62.9 63.5 64.2 65.0 65.7 66.2 66.5 66.7 66.7 66.5 66.1 65.7 65.4 64.9 64.3 63.6 62.8 61.8 60.7 59.4 57.9 56.6 55.4 54.3 53.3 52.4 51.5 50.7 49.9 49.3 48.6 48.0 47.5 47.0 46.6 46.2 45.8 45.5 45.2 45.0 44.8 44.6 44.5 44.5 
42.3 42.4 42.5 42.7 42.8 43.0 43.3 43.6 43.9 44.3 44.7 45.2 45.7 46.2 46.8 47.4 48.1 48.9 49.7 50.5 51.4 52.4 53.5 54.6 55.8 57.0 58.2 59.2 60.1 61.1 61.9 62.6 63.3 64.0 64.7 65.3 65.8 66.1 66.2 66.2 66.1 65.8 65.4 65.0 64.5 63.9 63.2 62.4 61.4 60.3 59.1 57.8 56.6 55.4 54.3 53.3 52.4 51.5 50.7 50.0 49.3 48.6 48.0 47.5 47.0 46.6 46.2 45.8 45.5 45.2 45.0 44.8 44.7 44.6 44.5 
42.3 42.4 42.5 42.7 42.8 43.0 43.3 43.6 43.9 44.3 44.7 45.2 45.7 46.2 46.8 47.4 48.1 48.9 49.7 50.5 51.4 52.4 53.4 54.5 55.7 56.8 57.9 58.9 59.9 60.8 61.6 62.4 63.1 63.7 64.4 65.0 65.4 65.7 65.9 65.9 65.7 65.4 65.1 64.7 64.1 63.5 62.8 62.0 61.0 60.0 58.8 57.7 56.5 55.3 54.3 53.3 52.4 51.5 50.7 50.0 49.3 48.6 48.0 47.5 47.0 46.6 46.2 45.8 45.5 45.2 45.0 44.8 44.7 44.6 44.5 
42.3 42.4 42.5 42.6 42.8 43.0 43.3 43.6 43.9 44.3 44.7 45.2 45.7 46.2 46.8 47.4 48.1 48.8 49.6 50.5 51.4 52.4 53.4 54.5 55.6 56.7 57.8 58.8 59.7 60.6 61.4 62.2 62.9 63.6 64.2 64.8 65.2 65.5 65.6 65.6 65.5 65.2 64.9 64.5 63.9 63.3 62.6 61.8 60.8 59.8 58.7 57.6 56.4 55.3 54.3 53.3 52.3 51.5 50.7 49.9 49.2 48.6 48.0 47.5 47.0 46.6 46.2 45.8 45.5 45.2 45.0 44.8 44.6 44.5 44.5 
# z = 0.078
42.6 42.6 42.7 42.9 43.0 43.3 43.5 43.8 44.1 44.5 44.9 45.3 45.8 46.3 46.9 47.5 48.2 48.9 49.6 50.5 51.3 52.2 53.2 54.2 55.3 56.4 57.5 58.4 59.3 60.2 60.9 61.6 62.2 62.9 63.5 64.0 64.4 64.7 64.8 64.8 64.7 64.5 64.1 63.8 63.3 62.7 62.1 61.3 60.4 59.5 58.4 57.3 56.1 55.1 54.1 53.1 52.3 51.5 50.7 50.0 49.3 48.7 48.2 47.6 47.2 46.7 46.3 46.0 45.7 45.4 45.2 45.0 44.9 44.8 44.7 
42.6 42.6 42.7 42.9 43.1 43.3 43.5 43.8 44.1 44.5 44.9 45.3 45.8 46.3 46.9 47.5 48.2 48.9 49.7 50.5 51.3 52.2 53.2 54.2 55.3 56.4 57.4 58.3 59.2 60.0 60.8 61.5 62.1 62.8 63.4 63.9 64.3 64.5 64.7 64.7 64.6 64.3 64.0 63.6 63.2 62.6 61.9 61.2 60.3 59.3 58.3 57.2 56.1 55.1 54.1 53.2 52.3 51.5 50.7 50.0 49.3 48.7 48.2 47.7 47.2 46.7 46.4 46.0 45.7 45.4 45.2 45.0 44.9 44.8 44.7 
42.6 42.6 42.7 42.9 43.1 43.3 43.5 43.8 44.1 44.5 44.9 45.3 45.8 46.3 46.9 47.5 48.2 48.9 49.7 50.5 51.3 52.2 53.2 54.2 55.2 56.2 57.2 58.2 59.1 59.9 60.7 61.4 62.0 62.6 63.2 63.7 64.1 64.3 64.5 64.5 64.4 64.2 63.8 63.4 63.0 62.4 61.7 61.0 60.1 59.2 58.2 57.1 56.1 55.1 54.1 53.2 52.3 51.5 50.7 50.0 49.3 48.7 48.2 47.7 47.2 46.7 46.4 46.0 45.7 45.4 45.2 45.0 44.9 44.8 44.7 
42.6 42.6 42.7 42.9 43.0 43.3 43.5 43.8 44.1 44.5 44.9 45.3 45.8 46.3 46.9 47.5 48.2 48.9 49.6 50.4 51.3 52.2 53.2 54.1 55.2 56.2 57.1 58.1 59.0 59.8 60.6 61.3 61.9 62.5 63.1 63.6 64.0 64.2 64.4 64.4 64.3 64.0 63.7 63.3 62.8 62.3 61.6 60.9 60.0 59.1 58.1 57.1 56.0 55.0 54.1 53.1 52.3 51.5 50.7 50.0 49.3 48.7 48.2 47.6 47.2 46.7 46.3 46.0 45.7 45.4 45.2 45.0 44.9 44.8 44.7 
# z = 0.08
42.8 42.8 42.9 43.1 43.2 43.5 43.7 44.0 44.3 44.6 45.0 45.5 45.9 46.4 47.0 47.6 48.2 48.9 49.6 50.4 51.2 52.0 52.9 53.8 54.8 55.8 56.7 57.5 58.4 59.1 59.9 60.5 61.1 61.7 62.2 62.6 63.0 63.2 63.3 63.3 63.2 63.0 62.8 62.4 62.0 61.5 60.8 60.2 59.4 58.5 57.6 56.6 55.7 54.7 53.8 53.0 52.2 51.4 50.7 50.0 49.4 48.8 48.3 47.8 47.3 46.9 46.5 46.2 45.9 45.6 45.4 45.2 45.1 45.0 44.9 
42.8 42.9 43.0 43.1 43.3 43.5 43.7 44.0 44.3 44.7 45.0 45.5 45.9 46.5 47.0 47.6 48.2 48.9 49.6 50.4 51.2 52.0 52.9 53.8 54.8 55.7 56.6 57.5 58.3 59.1 59.8 60.5 61.1 61.6 62.1 62.6 62.9 63.1 63.3 63.3 63.2 63.0 62.7 62.4 61.9 61.4 60.8 60.1 59.3 58.5 57.6 56.6 55.7 54.7 53.8 53.0 52.2 51.4 50.7 50.0 49.4 48.8 48.3 47.8 47.3 46.9 46.5 46.2 45.9 45.6 45.4 45.2 45.1 45.0 44.9 
42.8 42.9 43.0 43.1 43.3 43.5 43.7 44.0 44.3 44.7 45.0 45.5 45.9 46.5 47.0 47.6 48.2 48.9 49.6 50.4 51.2 52.0 52.9 53.8 54.8 55.7 56.6 57.4 58.3 59.0 59.7 60.4 61.0 61.6 62.1 62.5 62.8 63.1 63.2 63.2 63.1 62.9 62.6 62.3 61.8 61.3 60.7 60.0 59.2 58.4 57.5 56.6 55.6 54.7 53.8 53.0 52.2 51.4 50.7 50.0 49.4 48.8 48.3 47.8 47.3 46.9 46.5 46.2 45.9 45.6 45.4 45.2 45.1 45.0 44.9 
42.8 42.8 42.9 43.1 43.2 43.5 43.7 44.0 44.3 44.6 45.0 45.5 45.9 46.4 47.0 47.6 48.2 48.9 49.6 50.4 51.2 52.0 52.9 53.8 54.7 55.6 56.5 57.4 58.2 59.0 59.7 60.3 61.0 61.5 62.0 62.4 62.8 63.0 63.1 63.1 63.0 62.8 62.6 62.2 61.8 61.2 60.6 59.9 59.2 58.3 57.4 56.5 55.6 54.7 53.8 53.0 52.2 51.4 50.7 50.0 49.4 48.8 48.3 47.8 47.3 46.9 46.5 46.2 45.9 45.6 45.4 45.2 45.1 45.0 44.9 
# z = 0.082
43.0 43.0 43.1 43.3 43.4 43.6 43.9 44.1 44.4 44.8 45.2 45.6 46.0 46.5 47.0 47.6 48.2 48.9 49.5 50.3 51.0 51.8 52.6 53.5 54.3 55.2 56.0 56.8 57.5 58.2 58.9 59.5 60.1 60.6 61.0 61.4 61.7 61.9 62.0 62.0 62.0 61.8 61.5 61.2 60.8 60.3 59.8 59.2 58.5 57.7 56.9 56.0 55.2 54.4 53.5 52.8 52.0 51.3 50.6 50.0 49.4 48.8 48.3 47.8 47.4 47.0 46.6 46.3 46.0 45.8 45.6 45.4 45.3 45.2 45.1 
43.0 43.0 43.1 43.3 43.4 43.6 43.9 44.2 44.5 44.8 45.2 45.6 46.0 46.5 47.1 47.6 48.2 48.9 49.6 50.3 51.0 51.8 52.6 53.5 54.3 55.2 56.0 56.8 57.5 58.2 58.9 59.5 60.1 60.6 61.0 61.4 61.7 61.9 62.0 62.0 62.0 61.8 61.5 61.2 60.8 60.3 59.8 59.1 58.4 57.7 56.9 56.0 55.2 54.4 53.6 52.8 52.0 51.3 50.6 50.0 49.4 48.9 48.3 47.9 47.4 47.0 46.7 46.3 46.1 45.8 45.6 45.4 45.3 45.2 45.1 
43.0 43.0 43.1 43.3 43.4 43.6 43.9 44.2 44.5 44.8 45.2 45.6 46.0 46.5 47.1 47.6 48.2 48.9 49.6 50.3 51.0 51.8 52.6 53.5 54.3 55.1 56.0 56.7 57.5 58.2 58.9 59.5 60.0 60.5 61.0 61.4 61.7 61.9 62.0 62.0 61.9 61.7 61.5 61.2 60.8 60.3 59.7 59.1 58.4 57.6 56.9 56.0 55.2 54.4 53.6 52.8 52.0 51.3 50.6 50.0 49.4 48.9 48.3 47.9 47.4 47.0 46.7 46.3 46.1 45.8 45.6 45.4 45.3 45.2 45.1 
43.0 43.0 43.1 43.3 43.4 43.6 43.9 44.1 44.4 44.8 45.2 45.6 46.0 46.5 47.0 47.6 48.2 48.9 49.5 50.3 51.0 51.8 52.6 53.4 54.3 55.1 55.9 56.7 57.5 58.2 58.8 59.4 60.0 60.5 60.9 61.3 61.6 61.8 61.9 61.9 61.9 61.7 61.5 61.1 60.7 60.2 59.7 59.1 58.4 57.6 56.8 56.0 55.2 54.3 53.5 52.8 52.0 51.3 50.6 50.0 49.4 48.8 48.3 47.8 47.4 47.0 46.6 46.3 46.0 45.8 45.6 45.4 45.3 45.2 45.1 
# z = 0.084
43.1 43.2 43.3 43.4 43.6 43.8 44.0 44.3 44.6 44.9 45.3 45.7 46.1 46.6 47.1 47.6 48.2 48.8 49.5 50.1 50.8 51.6 52.3 53.1 53.9 54.6 55.4 56.1 56.8 57.4 58.0 58.6 59.1 59.6 60.0 60.3 60.6 60.8 60.9 60.9 60.8 60.7 60.5 60.2 59.8 59.3 58.8 58.3 57.6 57.0 56.2 55.5 54.7 54.0 53.3 52.5 51.8 51.2 50.5 49.9 49.4 48.9 48.4 47.9 47.5 47.1 46.8 46.4 46.2 45.9 45.7 45.6 45.4 45.3 45.3 
43.1 43.2 43.3 43.4 43.6 43.8 44.0 44.3 44.6 44.9 45.3 45.7 46.1 46.6 47.1 47.6 48.2 48.8 49.5 50.1 50.8 51.6 52.3 53.1 53.9 54.6 55.4 56.1 56.8 57.4 58.1 58.6 59.1 59.6 60.0 60.3 60.6 60.8 60.9 60.9 60.8 60.7 60.5 60.2 59.8 59.4 58.8 58.3 57.6 57.0 56.3 55.5 54.8 54.0 53.3 52.5 51.9 51.2 50.6 50.0 49.4 48.9 48.4 47.9 47.5 47.1 46.8 46.5 46.2 45.9 45.7 45.6 45.4 45.3 45.3 
43.1 43.2 43.3 43.4 43.6 43.8 44.0 44.3 44.6 44.9 45.3 45.7 46.1 46.6 47.1 47.6 48.2 48.8 49.5 50.1 50.8 51.6 52.3 53.1 53.9 54.6 55.4 56.1 56.8 57.4 58.0 58.6 59.1 59.6 60.0 60.3 60.6 60.8 60.9 60.9 60.8 60.7 60.4 60.1 59.8 59.3 58.8 58.3 57.6 57.0 56.2 55.5 54.8 54.0 53.3 52.5 51.9 51.2 50.6 50.0 49.4 48.9 48.4 47.9 47.5 47.1 46.8 46.5 46.2 45.9 45.7 45.6 45.4 45.3 45.3 
43.1 43.2 43.3 43.4 43.6 43.8 44.0 44.3 44.6 44.9 45.3 45.7 46.1 46.6 47.1 47.6 48.2 48.8 49.5 50.1 50.8 51.6 52.3 53.1 53.8 54.6 55.3 56.1 56.8 57.4 58.0 58.6 59.1 59.5 59.9 60.3 60.5 60.7 60.8 60.8 60.8 60.6 60.4 60.1 59.7 59.3 58.8 58.2 57.6 56.9 56.2 55.5 54.7 54.0 53.2 52.5 51.8 51.2 50.5 49.9 49.4 48.9 48.4 47.9 47.5 47.1 46.8 46.4 46.2 45.9 45.7 45.6 45.4 45.3 45.3 
# z = 0.086
43.3 43.3 43.4 43.6 43.7 43.9 44.1 44.4 44.7 45.0 45.4 45.8 46.2 46.6 47.1 47.6 48.2 48.7 49.3 50.0 50.6 51.3 52.0 52.7 53.4 54.1 54.8 55.5 56.1 56.7 57.3 57.8 58.3 58.7 59.0 59.3 59.6 59.7 59.8 59.9 59.8 59.7 59.5 59.2 58.9 58.5 58.0 57.5 56.9 56.3 55.7 55.0 54.3 53.6 53.0 52.3 51.7 51.0 50.4 49.9 49.4 48.9 48.4 48.0 47.6 47.2 46.9 46.6 46.3 46.1 45.9 45.7 45.6 45.5 45.4 
43.3 43.4 43.5 43.6 43.7 43.9 44.2 44.4 44.7 45.0 45.4 45.8 46.2 46.6 47.1 47.6 48.2 48.8 49.4 50.0 50.7 51.3 52.0 52.7 53.4 54.1 54.8 55.5 56.1 56.7 57.3 57.8 58.3 58.7 59.0 59.4 59.6 59.8 59.8 59.9 59.8 59.7 59.5 59.2 58.9 58.5 58.0 57.5 56.9 56.3 55.7 55.0 54.3 53.6 53.0 52.3 51.7 51.1 50.5 49.9 49.4 48.9 48.4 48.0 47.6 47.2 46.9 46.6 46.3 46.1 45.9 45.7 45.6 45.5 45.4 
43.3 43.4 43.5 43.6 43.7 43.9 44.2 44.4 44.7 45.0 45.4 45.8 46.2 46.6 47.1 47.6 48.2 48.8 49.4 50.0 50.7 51.3 52.0 52.7 53.4 54.1 54.8 55.5 56.1 56.7 57.3 57.8 58.3 58.7 59.0 59.3 59.6 59.7 59.8 59.9 59.8 59.7 59.5 59.2 58.9 58.5 58.0 57.5 56.9 56.3 55.7 55.0 54.3 53.6 53.0 52.3 51.7 51.1 50.5 49.9 49.4 48.9 48.4 48.0 47.6 47.2 46.9 46.6 46.3 46.1 45.9 45.7 45.6 45.5 45.4 
43.3 43.3 43.4 43.6 43.7 43.9 44.1 44.4 44.7 45.0 45.4 45.8 46.2 46.6 47.1 47.6 48.2 48.7 49.3 50.0 50.6 51.3 52.0 52.7 53.4 54.1 54.8 55.5 56.1 56.7 57.3 57.8 58.2 58.7 59.0 59.3 59.6 59.7 59.8 59.8 59.8 59.6 59.4 59.2 58.8 58.4 58.0 57.5 56.9 56.3 55.6 55.0 54.3 53.6 53.0 52.3 51.7 51.0 50.4 49.9 49.4 48.9 48.4 48.0 47.6 47.2 46.9 46.6 46.3 46.1 45.9 45.7 45.6 45.5 45.4 
# z = 0.088
43.4 43.5 43.6 43.7 43.9 44.0 44.3 44.5 44.8 45.1 45.4 45.8 46.2 46.6 47.1 47.6 48.1 48.7 49.2 49.8 50.4 51.1 51.7 52.4 53.0 53.7 54.3 54.9 55.5 56.0 56.6 57.0 57.5 57.8 58.2 58.4 58.7 58.8 58.9 58.9 58.9 58.7 58.6 58.3 58.0 57.6 57.2 56.8 56.3 55.7 55.1 54.5 53.9 53.3 52.7 52.1 51.5 50.9 50.3 49.8 49.3 48.8 48.4 48.0 47.6 47.2 46.9 46.6 46.4 46.2 46.0 45.8 45.7 45.6 45.5 
43.4 43.5 43.6 43.7 43.9 44.1 44.3 44.5 44.8 45.1 45.5 45.8 46.2 46.7 47.1 47.6 48.1 48.7 49.3 49.8 50.5 51.1 51.7 52.4 53.0 53.7 54.3 54.9 55.5 56.1 56.6 57.0 57.5 57.9 58.2 58.5 58.7 58.8 58.9 58.9 58.9 58.8 58.6 58.3 58.0 57.7 57.2 56.8 56.3 55.7 55.1 54.5 53.9 53.3 52.7 52.1 51.5 50.9 50.4 49.8 49.3 48.9 48.4 48.0 47.6 47.3 46.9 46.7 46.4 46.2 46.0 45.8 45.7 45.6 45.5 
43.4 43.5 43.6 43.7 43.9 44.1 44.3 44.5 44.8 45.1 45.5 45.8 46.2 46.7 47.1 47.6 48.1 48.7 49.3 49.8 50.5 51.1 51.7 52.4 53.0 53.7 54.3 54.9 55.5 56.0 56.6 57.0 57.5 57.9 58.2 58.5 58.7 58.8 58.9 58.9 58.9 58.8 58.6 58.3 58.0 57.7 57.2 56.8 56.3 55.7 55.1 54.5 53.9 53.3 52.7 52.1 51.5 50.9 50.4 49.8 49.3 48.9 48.4 48.0 47.6 47.3 46.9 46.7 46.4 46.2 46.0 45.8 45.7 45.6 45.5 
43.4 43.5 43.6 43.7 43.9 44.0 44.3 44.5 44.8 45.1 45.4 45.8 46.2 46.6 47.1 47.6 48.1 48.7 49.2 49.8 50.4 51.1 51.7 52.4 53.0 53.7 54.3 54.9 55.5 56.0 56.5 57.0 57.5 57.8 58.2 58.4 58.7 58.8 58.9 58.9 58.9 58.7 58.6 58.3 58.0 57.6 57.2 56.8 56.2 55.7 55.1 54.5 53.9 53.3 52.7 52.1 51.5 50.9 50.3 49.8 49.3 48.8 48.4 48.0 47.6 47.2 46.9 46.6 46.4 46.2 46.0 45.8 45.7 45.6 45.5 
# z = 0.09
43.5 43.6 43.7 43.8 44.0 44.1 44.4 44.6 44.9 45.2 45.5 45.9 46.2 46.7 47.1 47.6 48.1 48.6 49.1 49.7 50.2 50.8 51.4 52.0 52.6 53.2 53.8 54.4 54.9 55.4 55.9 56.3 56.7 57.1 57.4 57.6 57.8 58.0 58.0 58.1 58.0 57.9 57.7 57.5 57.2 56.9 56.5 56.1 55.6 55.1 54.6 54.1 53.5 52.9 52.4 51.8 51.3 50.7 50.2 49.7 49.3 48.8 48.4 48.0 47.6 47.3 47.0 46.7 46.5 46.3 46.1 45.9 45.8 45.7 45.6 
43.6 43.6 43.7 43.8 44.0 44.2 44.4 44.6 44.9 45.2 45.5 45.9 46.3 46.7 47.1 47.6 48.1 48.6 49.1 49.7 50.3 50.9 51.4 52.1 52.7 53.2 53.8 54.4 54.9 55.4 55.9 56.3 56.7 57.1 57.4 57.7 57.8 58.0 58.1 58.1 58.0 57.9 57.8 57.5 57.3 56.9 56.5 56.1 55.7 55.2 54.6 54.1 53.5 53.0 52.4 51.8 51.3 50.7 50.2 49.7 49.3 48.8 48.4 48.0 47.6 47.3 47.0 46.7 46.5 46.3 46.1 45.9 45.8 45.7 45.7 
43.6 43.6 43.7 43.8 44.0 44.2 44.4 44.6 44.9 45.2 45.5 45.9 46.3 46.7 47.1 47.6 48.1 48.6 49.1 49.7 50.3 50.9 51.4 52.0 52.7 53.2 53.8 54.4 54.9 55.4 55.9 56.3 56.7 57.1 57.4 57.6 57.8 58.0 58.1 58.1 58.0 57.9 57.8 57.5 57.3 56.9 56.5 56.1 55.7 55.2 54.6 54.1 53.5 53.0 52.4 51.8 51.3 50.7 50.2 49.7 49.3 48.8 48.4 48.0 47.6 47.3 47.0 46.7 46.5 46.3 46.1 45.9 45.8 45.7 45.7 
43.5 43.6 43.7 43.8 44.0 44.1 44.4 44.6 44.9 45.2 45.5 45.9 46.2 46.7 47.1 47.6 48.1 48.6 49.1 49.7 50.2 50.8 51.4 52.0 52.6 53.2 53.8 54.4 54.9 55.4 55.9 56.3 56.7 57.1 57.4 57.6 57.8 58.0 58.0 58.1 58.0 57.9 57.7 57.5 57.2 56.9 56.5 56.1 55.6 55.1 54.6 54.1 53.5 52.9 52.4 51.8 51.3 50.7 50.2 49.7 49.3 48.8 48.4 48.0 47.6 47.3 47.0 46.7 46.5 46.3 46.1 45.9 45.8 45.7 45.6 
# z = 0.092
43.6 43.7 43.8 43.9 44.1 44.2 44.4 44.7 44.9 45.2 45.5 45.9 46.3 46.6 47.1 47.5 48.0 48.5 49.0 49.5 50.1 50.6 51.2 51.7 52.3 52.8 53.4 53.9 54.4 54.9 55.3 55.7 56.1 56.4 56.7 56.9 57.1 57.2 57.3 57.3 57.2 57.2 57.0 56.8 56.5 56.2 55.9 55.5 55.1 54.6 54.2 53.7 53.1 52.6 52.1 51.6 51.1 50.6 50.1 49.6 49.2 48.8 48.4 48.0 47.6 47.3 47.0 46.8 46.5 46.3 46.1 46.0 45.9 45.8 45.7 
43.7 43.7 43.8 43.9 44.1 44.2 44.5 44.7 44.9 45.2 45.6 45.9 46.3 46.7 47.1 47.5 48.0 48.5 49.0 49.5 50.1 50.6 51.2 51.7 52.3 52.8 53.4 53.9 54.4 54.9 55.3 55.7 56.1 56.4 56.7 56.9 57.1 57.2 57.3 57.3 57.3 57.2 57.0 56.8 56.6 56.3 55.9 55.5 55.1 54.6 54.2 53.7 53.2 52.6 52.1 51.6 51.1 50.6 50.1 49.6 49.2 48.8 48.4 48.0 47.7 47.3 47.0 46.8 46.5 46.3 46.2 46.0 45.9 45.8 45.7 
43.7 43.7 43.8 43.9 44.1 44.2 44.5 44.7 44.9 45.2 45.6 45.9 46.3 46.7 47.1 47.5 48.0 48.5 49.0 49.5 50.1 50.6 51.2 51.7 52.3 52.8 53.4 53.9 54.4 54.9 55.3 55.7 56.1 56.4 56.7 56.9 57.1 57.2 57.3 57.3 57.3 57.2 57.0 56.8 56.6 56.3 55.9 55.5 55.1 54.6 54.2 53.7 53.2 52.6 52.1 51.6 51.1 50.6 50.1 49.6 49.2 48.8 48.4 48.0 47.7 47.3 47.0 46.8 46.5 46.3 46.2 46.0 45.9 45.8 45.7 
43.6 43.7 43.8 43.9 44.1 44.2 44.4 44.7 44.9 45.2 45.5 45.9 46.3 46.6 47.1 47.5 48.0 48.5 49.0 49.5 50.1 50.6 51.2 51.7 52.3 52.8 53.4 53.9 54.4 54.9 55.3 55.7 56.1 56.4 56.7 56.9 57.1 57.2 57.3 57.3 57.2 57.1 57.0 56.8 56.5 56.2 55.9 55.5 55.1 54.6 54.2 53.7 53.1 52.6 52.1 51.6 51.1 50.6 50.1 49.6 49.2 48.8 48.4 48.0 47.6 47.3 47.0 46.8 46.5 46.3 46.1 46.0 45.9 45.8 45.7 
# z = 0.094
43.7 43.8 43.9 44.0 44.1 44.3 44.5 44.7 45.0 45.3 45.6 45.9 46.3 46.6 47.0 47.5 47.9 48.4 48.9 49.4 49.9 50.4 50.9 51.4 51.9 52.5 53.0 53.4 53.9 54.3 54.7 55.1 55.5 55.8 56.0 56.2 56.4 56.5 56.6 56.6 56.5 56.5 56.3 56.1 55.9 55.6 55.3 55.0 54.6 54.2 53.7 53.3 52.8 52.3 51.8 51.4 50.9 50.4 50.0 49.5 49.1 48.7 48.3 48.0 47.6 47.3 47.1 46.8 46.6 46.4 46.2 46.1 46.0 45.9 45.8 
43.7 43.8 43.9 44.0 44.2 44.3 44.5 44.7 45.0 45.3 45.6 45.9 46.3 46.7 47.1 47.5 47.9 48.4 48.9 49.4 49.9 50.4 50.9 51.4 52.0 52.5 53.0 53.4 53.9 54.3 54.8 55.1 55.5 55.8 56.0 56.2 56.4 56.5 56.6 56.6 56.6 56.5 56.3 56.2 55.9 55.6 55.3 55.0 54.6 54.2 53.7 53.3 52.8 52.3 51.9 51.4 50.9 50.4 50.0 49.5 49.1 48.7 48.3 48.0 47.7 47.4 47.1 46.8 46.6 46.4 46.2 46.1 46.0 45.9 45.8 
43.7 43.8 43.9 44.0 44.2 44.3 44.5 44.7 45.0 45.3 45.6 45.9 46.3 46.7 47.1 47.5 47.9 48.4 48.9 49.4 49.9 50.4 50.9 51.4 52.0 52.5 53.0 53.4 53.9 54.3 54.8 55.1 55.5 55.8 56.0 56.2 56.4 56.5 56.6 56.6 56.6 56.5 56.3 56.2 55.9 55.6 55.3 55.0 54.6 54.2 53.7 53.3 52.8 52.3 51.9 51.4 50.9 50.4 50.0 49.5 49.1 48.7 48.3 48.0 47.7 47.4 47.1 46.8 46.6 46.4 46.2 46.1 46.0 45.9 45.8 
43.7 43.8 43.9 44.0 44.1 44.3 44.5 44.7 45.0 45.3 45.6 45.9 46.3 46.6 47.0 47.5 47.9 48.4 48.9 49.4 49.9 50.4 50.9 51.4 51.9 52.5 53.0 53.4 53.9 54.3 54.7 55.1 55.5 55.8 56.0 56.2 56.4 56.5 56.6 56.6 56.5 56.5 56.3 56.1 55.9 55.6 55.3 55.0 54.6 54.2 53.7 53.3 52.8 52.3 51.8 51.4 50.9 50.4 50.0 49.5 49.1 48.7 48.3 48.0 47.6 47.3 47.1 46.8 46.6 46.4 46.2 46.1 46.0 45.9 45.8 
# z = 0.096
43.8 43.9 44.0 44.1 44.2 44.4 44.6 44.8 45.0 45.3 45.6 45.9 46.2 46.6 47.0 47.4 47.8 48.3 48.7 49.2 49.7 50.2 50.7 51.1 51.6 52.1 52.6 53.0 53.5 53.9 54.2 54.6 54.9 55.2 55.4 55.6 55.8 55.9 55.9 56.0 55.9 55.8 55.7 55.5 55.3 55.1 54.8 54.5 54.1 53.7 53.3 52.9 52.5 52.0 51.6 51.1 50.7 50.3 49.8 49.4 49.0 48.7 48.3 48.0 47.6 47.4 47.1 46.8 46.6 46.4 46.3 46.1 46.0 45.9 45.9 
43.8 43.9 44.0 44.1 44.2 44.4 44.6 44.8 45.0 45.3 45.6 45.9 46.3 46.6 47.0 47.4 47.8 48.3 48.7 49.2 49.7 50.2 50.7 51.2 51.6 52.1 52.6 53.0 53.5 53.9 54.3 54.6 54.9 55.2 55.4 55.6 55.8 55.9 56.0 56.0 55.9 55.9 55.7 55.6 55.4 55.1 54.8 54.5 54.1 53.7 53.3 52.9 52.5 52.0 51.6 51.2 50.7 50.3 49.9 49.4 49.0 48.7 48.3 48.0 47.7 47.4 47.1 46.9 46.6 46.4 46.3 46.1 46.0 45.9 45.9 
43.8 43.9 44.0 44.1 44.2 44.4 44.6 44.8 45.0 45.3 45.6 45.9 46.3 46.6 47.0 47.4 47.8 48.3 48.7 49.2 49.7 50.2 50.7 51.2 51.6 52.1 52.6 53.0 53.5 53.9 54.3 54.6 54.9 55.2 55.4 55.6 55.8 55.9 56.0 56.0 55.9 55.9 55.7 55.6 55.4 55.1 54.8 54.5 54.1 53.7 53.3 52.9 52.5 52.0 51.6 51.2 50.7 50.3 49.9 49.4 49.0 48.7 48.3 48.0 47.7 47.4 47.1 46.9 46.6 46.4 46.3 46.1 46.0 45.9 45.9 
43.8 43.9 44.0 44.1 44.2 44.4 44.6 44.8 45.0 45.3 45.6 45.9 46.2 46.6 47.0 47.4 47.8 48.3 48.7 49.2 49.7 50.2 50.7 51.1 51.6 52.1 52.6 53.0 53.5 53.9 54.2 54.6 54.9 55.2 55.4 55.6 55.8 55.9 55.9 56.0 55.9 55.8 55.7 55.5 55.3 55.1 54.8 54.5 54.1 53.7 53.3 52.9 52.5 52.0 51.6 51.1 50.7 50.3 49.8 49.4 49.0 48.7 48.3 48.0 47.6 47.4 47.1 46.8 46.6 46.4 46.3 46.1 46.0 45.9 45.9 
# z = 0.098
43.9 43.9 44.0 44.1 44.3 44.4 44.6 44.8 45.1 45.3 45.6 45.9 46.2 46.6 47.0 47.3 47.8 48.2 48.6 49.1 49.5 50.0 50.4 50.9 51.3 51.8 52.2 52.6 53.0 53.4 53.8 54.1 54.4 54.7 54.9 55.1 55.2 55.3 55.4 55.4 55.4 55.3 55.2 55.0 54.8 54.6 54.3 54.0 53.7 53.3 53.0 52.6 52.2 51.8 51.4 50.9 50.5 50.1 49.7 49.3 49.0 48.6 48.3 47.9 47.6 47.3 47.1 46.9 46.6 46.5 46.3 46.2 46.1 46.0 45.9 
43.9 43.9 44.0 44.1 44.3 44.4 44.6 44.8 45.1 45.3 45.6 45.9 46.3 46.6 47.0 47.4 47.8 48.2 48.6 49.1 49.5 50.0 50.4 50.9 51.4 51.8 52.2 52.7 53.1 53.4 53.8 54.1 54.4 54.7 54.9 55.1 55.2 55.3 55.4 55.4 55.4 55.3 55.2 55.0 54.8 54.6 54.3 54.0 53.7 53.4 53.0 52.6 52.2 51.8 51.4 50.9 50.5 50.1 49.7 49.3 49.0 48.6 48.3 47.9 47.6 47.4 47.1 46.9 46.7 46.5 46.3 46.2 46.1 46.0 45.9 
43.9 43.9 44.0 44.1 44.3 44.4 44.6 44.8 45.1 45.3 45.6 45.9 46.3 46.6 47.0 47.4 47.8 48.2 48.6 49.1 49.5 50.0 50.4 50.9 51.4 51.8 52.2 52.7 53.1 53.4 53.8 54.1 54.4 54.7 54.9 55.1 55.2 55.3 55.4 55.4 55.4 55.3 55.2 55.0 54.8 54.6 54.3 54.0 53.7 53.4 53.0 52.6 52.2 51.8 51.4 50.9 50.5 50.1 49.7 49.3 49.0 48.6 48.3 47.9 47.6 47.4 47.1 46.9 46.7 46.5 46.3 46.2 46.1 46.0 45.9 
43.9 43.9 44.0 44.1 44.3 44.4 44.6 44.8 45.1 45.3 45.6 45.9 46.2 46.6 47.0 47.3 47.8 48.2 48.6 49.1 49.5 50.0 50.4 50.9 51.3 51.8 52.2 52.6 53.0 53.4 53.8 54.1 54.4 54.7 54.9 55.1 55.2 55.3 55.4 55.4 55.4 55.3 55.2 55.0 54.8 54.6 54.3 54.0 53.7 53.3 53.0 52.6 52.2 51.8 51.4 50.9 50.5 50.1 49.7 49.3 49.0 48.6 48.3 47.9 47.6 47.3 47.1 46.9 46.6 46.5 46.3 46.2 46.1 46.0 45.9 
# z = 0.1
43.9 44.0 44.1 44.2 44.3 44.5 44.6 44.8 45.1 45.3 45.6 45.9 46.2 46.6 46.9 47.3 47.7 48.1 48.5 48.9 49.3 49.8 50.2 50.6 51.1 51.5 51.9 52.3 52.7 53.0 53.4 53.7 53.9 54.2 54.4 54.6 54.7 54.8 54.9 54.9 54.8 54.8 54.7 54.5 54.4 54.1 53.9 53.6 53.3 53.0 52.6 52.3 51.9 51.5 51.1 50.7 50.4 50.0 49.6 49.2 48.9 48.5 48.2 47.9 47.6 47.3 47.1 46.9 46.7 46.5 46.3 46.2 46.1 46.0 46.0 
43.9 44.0 44.1 44.2 44.3 44.5 44.7 44.9 45.1 45.3 45.6 45.9 46.2 46.6 46.9 47.3 47.7 48.1 48.5 48.9 49.4 49.8 50.2 50.7 51.1 51.5 51.9 52.3 52.7 53.0 53.4 53.7 54.0 54.2 54.4 54.6 54.7 54.8 54.9 54.9 54.9 54.8 54.7 54.5 54.4 54.2 53.9 53.6 53.3 53.0 52.7 52.3 51.9 51.5 51.1 50.8 50.4 50.0 49.6 49.2 48.9 48.5 48.2 47.9 47.6 47.4 47.1 46.9 46.7 46.5 46.3 46.2 46.1 46.0 46.0 
43.9 44.0 44.1 44.2 44.3 44.5 44.7 44.9 45.1 45.3 45.6 45.9 46.2 46.6 46.9 47.3 47.7 48.1 48.5 48.9 49.4 49.8 50.2 50.7 51.1 51.5 51.9 52.3 52.7 53.0 53.4 53.7 54.0 54.2 54.4 54.6 54.7 54.8 54.9 54.9 54.9 54.8 54.7 54.5 54.4 54.2 53.9 53.6 53.3 53.0 52.7 52.3 51.9 51.5 51.1 50.8 50.4 50.0 49.6 49.2 48.9 48.5 48.2 47.9 47.6 47.4 47.1 46.9 46.7 46.5 46.3 46.2 46.1 46.0 46.0 
43.9 44.0 44.1 44.2 44.3 44.5 44.6 44.8 45.1 45.3 45.6 45.9 46.2 46.6 46.9 47.3 47.7 48.1 48.5 48.9 49.3 49.8 50.2 50.6 51.1 51.5 51.9 52.3 52.7 53.0 53.4 53.7 53.9 54.2 54.4 54.6 54.7 54.8 54.9 54.9 54.8 54.8 54.7 54.5 54.4 54.1 53.9 53.6 53.3 53.0 52.6 52.3 51.9 51.5 51.1 50.7 50.4 50.0 49.6 49.2 48.9 48.5 48.2 47.9 47.6 47.3 47.1 46.9 46.7 46.5 46.3 46.2 46.1 46.0 46.0 
# z = 0.102
44.0 44.0 44.1 44.2 44.3 44.5 44.7 44.9 45.1 45.3 45.6 45.9 46.2 46.5 46.9 47.2 47.6 48.0 48.4 48.8 49.2 49.6 50.0 50.4 50.8 51.2 51.6 52.0 52.3 52.7 53.0 53.3 53.5 53.8 54.0 54.1 54.3 54.3 54.4 54.4 54.4 54.3 54.2 54.1 53.9 53.7 53.5 53.3 53.0 52.7 52.3 52.0 51.7 51.3 50.9 50.6 50.2 49.8 49.5 49.1 48.8 48.5 48.2 47.9 47.6 47.3 47.1 46.9 46.7 46.5 46.4 46.2 46.1 46.0 46.0 
44.0 44.0 44.1 44.2 44.3 44.5 44.7 44.9 45.1 45.3 45.6 45.9 46.2 46.5 46.9 47.2 47.6 48.0 48.4 48.8 49.2 49.6 50.0 50.4 50.8 51.2 51.6 52.0 52.4 52.7 53.0 53.3 53.6 53.8 54.0 54.1 54.3 54.4 54.4 54.4 54.4 54.3 54.3 54.1 54.0 53.8 53.5 53.3 53.0 52.7 52.4 52.0 51.7 51.3 50.9 50.6 50.2 49.8 49.5 49.1 48.8 48.5 48.2 47.9 47.6 47.3 47.1 46.9 46.7 46.5 46.4 46.2 46.1 46.1 46.0 
44.0 44.0 44.1 44.2 44.3 44.5 44.7 44.9 45.1 45.3 45.6 45.9 46.2 46.5 46.9 47.2 47.6 48.0 48.4 48.8 49.2 49.6 50.0 50.4 50.8 51.2 51.6 52.0 52.4 52.7 53.0 53.3 53.6 53.8 54.0 54.1 54.3 54.4 54.4 54.4 54.4 54.3 54.2 54.1 54.0 53.8 53.5 53.3 53.0 52.7 52.4 52.0 51.7 51.3 50.9 50.6 50.2 49.8 49.5 49.1 48.8 48.5 48.2 47.9 47.6 47.3 47.1 46.9 46.7 46.5 46.4 46.2 46.1 46.1 46.0 
44.0 44.0 44.1 44.2 44.3 44.5 44.7 44.9 45.1 45.3 45.6 45.9 46.2 46.5 46.9 47.2 47.6 48.0 48.4 48.8 49.2 49.6 50.0 50.4 50.8 51.2 51.6 52.0 52.3 52.7 53.0 53.3 53.5 53.8 54.0 54.1 54.3 54.3 54.4 54.4 54.4 54.3 54.2 54.1 53.9 53.7 53.5 53.3 53.0 52.7 52.3 52.0 51.7 51.3 50.9 50.6 50.2 49.8 49.5 49.1 48.8 48.5 48.2 47.9 47.6 47.3 47.1 46.9 46.7 46.5 46.4 46.2 46.1 46.0 46.0 
# z = 0.104
44.0 44.1 44.1 44.2 44.4 44.5 44.7 44.9 45.1 45.3 45.6 45.9 46.2 46.5 46.8 47.2 47.5 47.9 48.3 48.7 49.0 49.4 49.8 50.2 50.6 51.0 51.4 51.7 52.1 52.4 52.7 52.9 53.2 53.4 53.6 53.7 53.9 53.9 54.0 54.0 54.0 53.9 53.8 53.7 53.6 53.4 53.2 52.9 52.7 52.4 52.1 51.8 51.4 51.1 50.7 50.4 50.1 49.7 49.4 49.0 48.7 48.4 48.1 47.8 47.6 47.3 47.1 46.9 46.7 46.5 46.4 46.2 46.1 46.1 46.0 
44.0 44.1 44.1 44.2 44.4 44.5 44.7 44.9 45.1 45.3 45.6 45.9 46.2 46.5 46.8 47.2 47.5 47.9 48.3 48.7 49.1 49.5 49.8 50.2 50.6 51.0 51.4 51.7 52.1 52.4 52.7 53.0 53.2 53.4 53.6 53.8 53.9 54.0 54.0 54.0 54.0 54.0 53.9 53.7 53.6 53.4 53.2 52.9 52.7 52.4 52.1 51.8 51.4 51.1 50.8 50.4 50.1 49.7 49.4 49.1 48.7 48.4 48.1 47.8 47.6 47.3 47.1 46.9 46.7 46.5 46.4 46.3 46.2 46.1 46.0 
44.0 44.1 44.1 44.2 44.4 44.5 44.7 44.9 45.1 45.3 45.6 45.9 46.2 46.5 46.8 47.2 47.5 47.9 48.3 48.7 49.1 49.5 49.8 50.2 50.6 51.0 51.4 51.7 52.1 52.4 52.7 53.0 53.2 53.4 53.6 53.8 53.9 54.0 54.0 54.0 54.0 54.0 53.9 53.7 53.6 53.4 53.2 52.9 52.7 52.4 52.1 51.8 51.4 51.1 50.8 50.4 50.1 49.7 49.4 49.1 48.7 48.4 48.1 47.8 47.6 47.3 47.1 46.9 46.7 46.5 46.4 46.3 46.2 46.1 46.0 
44.0 44.1 44.1 44.2 44.4 44.5 44.7 44.9 45.1 45.3 45.6 45.9 46.2 46.5 46.8 47.2 47.5 47.9 48.3 48.7 49.0 49.4 49.8 50.2 50.6 51.0 51.4 51.7 52.1 52.4 52.7 52.9 53.2 53.4 53.6 53.7 53.9 53.9 54.0 54.0 54.0 53.9 53.8 53.7 53.6 53.4 53.2 52.9 52.7 52.4 52.1 51.8 51.4 51.1 50.7 50.4 50.1 49.7 49.4 49.0 48.7 48.4 48.1 47.8 47.6 47.3 47.1 46.9 46.7 46.5 46.4 46.2 46.1 46.1 46.0 
# z = 0.106
44.0 44.1 44.2 44.3 44.4 44.5 44.7 44.9 45.1 45.3 45.6 45.8 46.1 46.4 46.8 47.1 47.4 47.8 48.2 48.5 48.9 49.3 49.7 50.0 50.4 50.8 51.1 51.5 51.8 52.1 52.4 52.6 52.9 53.1 53.3 53.4 53.5 53.6 53.6 53.7 53.6 53.6 53.5 53.4 53.2 53.1 52.9 52.6 52.4 52.1 51.8 51.5 51.2 50.9 50.6 50.3 49.9 49.6 49.3 48.9 48.6 48.3 48.1 47.8 47.5 47.3 47.1 46.9 46.7 46.5 46.4 46.3 46.2 46.1 46.0 
44.0 44.1 44.2 44.3 44.4 44.5 44.7 44.9 45.1 45.3 45.6 45.9 46.1 46.5 46.8 47.1 47.5 47.8 48.2 48.6 48.9 49.3 49.7 50.1 50.4 50.8 51.1 51.5 51.8 52.1 52.4 52.7 52.9 53.1 53.3 53.4 53.5 53.6 53.7 53.7 53.7 53.6 53.5 53.4 53.3 53.1 52.9 52.7 52.4 52.1 51.9 51.6 51.2 50.9 50.6 50.3 49.9 49.6 49.3 49.0 48.7 48.4 48.1 47.8 47.5 47.3 47.1 46.9 46.7 46.5 46.4 46.3 46.2 46.1 46.0 
44.0 44.1 44.2 44.3 44.4 44.5 44.7 44.9 45.1 45.3 45.6 45.9 46.1 46.5 46.8 47.1 47.5 47.8 48.2 48.6 48.9 49.3 49.7 50.1 50.4 50.8 51.1 51.5 51.8 52.1 52.4 52.7 52.9 53.1 53.3 53.4 53.5 53.6 53.7 53.7 53.7 53.6 53.5 53.4 53.3 53.1 52.9 52.7 52.4 52.1 51.9 51.6 51.2 50.9 50.6 50.3 49.9 49.6 49.3 49.0 48.7 48.4 48.1 47.8 47.5 47.3 47.1 46.9 46.7 46.5 46.4 46.3 46.2 46.1 46.0 
44.0 44.1 44.2 44.3 44.4 44.5 44.7 44.9 45.1 45.3 45.6 45.8 46.1 46.4 46.8 47.1 47.4 47.8 48.2 48.5 48.9 49.3 49.7 50.0 50.4 50.8 51.1 51.5 51.8 52.1 52.4 52.6 52.9 53.1 53.3 53.4 53.5 53.6 53.6 53.7 53.6 53.6 53.5 53.4 53.2 53.1 52.9 52.6 52.4 52.1 51.8 51.5 51.2 50.9 50.6 50.3 49.9 49.6 49.3 48.9 48.6 48.3 48.1 47.8 47.5 47.3 47.1 46.9 46.7 46.5 46.4 46.3 46.2 46.1 46.0 
# z = 0.108
44.0 44.1 44.2 44.3 44.4 44.5 44.7 44.9 45.1 45.3 45.6 45.8 46.1 46.4 46.7 47.0 47.4 47.7 48.1 48.4 48.8 49.2 49.5 49.9 50.2 50.6 50.9 51.3 51.6 51.9 52.1 52.4 52.6 52.8 53.0 53.1 53.2 53.3 53.3 53.4 53.3 53.3 53.2 53.1 53.0 52.8 52.6 52.4 52.2 51.9 51.6 51.4 51.1 50.7 50.4 50.1 49.8 49.5 49.2 48.9 48.6 48.3 48.0 47.7 47.5 47.3 47.0 46.8 46.7 46.5 46.4 46.3 46.2 46.1 46.0 
44.0 44.1 44.2 44.3 44.4 44.5 44.7 44.9 45.1 45.3 45.6 45.8 46.1 46.4 46.7 47.1 47.4 47.7 48.1 48.4 48.8 49.2 49.5 49.9 50.3 50.6 50.9 51.3 51.6 51.9 52.1 52.4 52.6 52.8 53.0 53.1 53.2 53.3 53.4 53.4 53.4 53.3 53.2 53.1 53.0 52.8 52.6 52.4 52.2 51.9 51.7 51.4 51.1 50.8 50.5 50.1 49.8 49.5 49.2 48.9 48.6 48.3 48.0 47.8 47.5 47.3 47.1 46.9 46.7 46.5 46.4 46.3 46.2 46.1 46.0 
44.0 44.1 44.2 44.3 44.4 44.5 44.7 44.9 45.1 45.3 45.6 45.8 46.1 46.4 46.7 47.1 47.4 47.7 48.1 48.4 48.8 49.2 49.5 49.9 50.3 50.6 50.9 51.3 51.6 51.9 52.1 52.4 52.6 52.8 53.0 53.1 53.2 53.3 53.4 53.4 53.4 53.3 53.2 53.1 53.0 52.8 52.6 52.4 52.2 51.9 51.7 51.4 51.1 50.8 50.5 50.1 49.8 49.5 49.2 48.9 48.6 48.3 48.0 47.8 47.5 47.3 47.1 46.9 46.7 46.5 46.4 46.3 46.2 46.1 46.0 
44.0 44.1 44.2 44.3 44.4 44.5 44.7 44.9 45.1 45.3 45.6 45.8 46.1 46.4 46.7 47.0 47.4 47.7 48.1 48.4 48.8 49.2 49.5 49.9 50.2 50.6 50.9 51.3 51.6 51.9 52.1 52.4 52.6 52.8 53.0 53.1 53.2 53.3 53.3 53.4 53.3 53.3 53.2 53.1 53.0 52.8 52.6 52.4 52.2 51.9 51.6 51.4 51.1 50.7 50.4 50.1 49.8 49.5 49.2 48.9 48.6 48.3 48.0 47.7 47.5 47.3 47.0 46.8 46.7 46.5 46.4 46.3 46.2 46.1 46.0 
# z = 0.11
44.0 44.1 44.2 44.3 44.4 44.5 44.7 44.9 45.1 45.3 45.5 45.8 46.1 46.4 46.7 47.0 47.3 47.6 48.0 48.3 48.7 49.0 49.4 49.8 50.1 50.4 50.8 51.1 51.4 51.7 51.9 52.2 52.4 52.6 52.7 52.9 53.0 53.0 53.1 53.1 53.1 53.0 53.0 52.9 52.7 52.6 52.4 52.2 52.0 51.7 51.5 51.2 50.9 50.6 50.3 50.0 49.7 49.4 49.1 48.8 48.5 48.2 48.0 47.7 47.5 47.2 47.0 46.8 46.7 46.5 46.4 46.2 46.2 46.1 46.0 
44.1 44.1 44.2 44.3 44.4 44.5 44.7 44.9 45.1 45.3 45.6 45.8 46.1 46.4 46.7 47.0 47.3 47.7 48.0 48.4 48.7 49.1 49.4 49.8 50.1 50.5 50.8 51.1 51.4 51.7 51.9 52.2 52.4 52.6 52.7 52.9 53.0 53.1 53.1 53.1 53.1 53.1 53.0 52.9 52.8 52.6 52.4 52.2 52.0 51.7 51.5 51.2 50.9 50.6 50.3 50.0 49.7 49.4 49.1 48.8 48.5 48.2 48.0 47.7 47.5 47.2 47.0 46.8 46.7 46.5 46.4 46.3 46.2 46.1 46.0 
44.1 44.1 44.2 44.3 44.4 44.5 44.7 44.9 45.1 45.3 45.6 45.8 46.1 46.4 46.7 47.0 47.3 47.7 48.0 48.4 48.7 49.1 49.4 49.8 50.1 50.5 50.8 51.1 51.4 51.7 51.9 52.2 52.4 52.6 52.7 52.9 53.0 53.1 53.1 53.1 53.1 53.1 53.0 52.9 52.8 52.6 52.4 52.2 52.0 51.7 51.5 51.2 50.9 50.6 50.3 50.0 49.7 49.4 49.1 48.8 48.5 48.2 48.0 47.7 47.5 47.2 47.0 46.8 46.7 46.5 46.4 46.3 46.2 46.1 46.0 
44.0 44.1 44.2 44.3 44.4 44.5 44.7 44.9 45.1 45.3 45.5 45.8 46.1 46.4 46.7 47.0 47.3 47.6 48.0 48.3 48.7 49.0 49.4 49.8 50.1 50.4 50.8 51.1 51.4 51.7 51.9 52.2 52.4 52.6 52.7 52.9 53.0 53.0 53.1 53.1 53.1 53.0 53.0 52.9 52.7 52.6 52.4 52.2 52.0 51.7 51.5 51.2 50.9 50.6 50.3 50.0 49.7 49.4 49.1 48.8 48.5 48.2 48.0 47.7 47.5 47.2 47.0 46.8 46.7 46.5 46.4 46.2 46.2 46.1 46.0 
# z = 0.112
44.0 44.1 44.2 44.3 44.4 44.5 44.7 44.9 45.1 45.3 45.5 45.8 46.0 46.3 46.6 46.9 47.3 47.6 47.9 48.3 48.6 49.0 49.3 49.6 50.0 50.3 50.6 50.9 51.2 51.5 51.7 52.0 52.2 52.4 52.5 52.7 52.8 52.8 52.9 52.9 52.9 52.8 52.8 52.7 52.5 52.4 52.2 52.0 51.8 51.6 51.3 51.1 50.8 50.5 50.2 49.9 49.6 49.3 49.0 48.7 48.4 48.2 47.9 47.7 47.4 47.2 47.0 46.8 46.6 46.5 46.4 46.2 46.1 46.1 46.0 
44.1 44.1 44.2 44.3 44.4 44.5 44.7 44.9 45.1 45.3 45.5 45.8 46.1 46.3 46.6 46.9 47.3 47.6 47.9 48.3 48.6 49.0 49.3 49.7 50.0 50.3 50.6 50.9 51.2 51.5 51.8 52.0 52.2 52.4 52.5 52.7 52.8 52.9 52.9 52.9 52.9 52.9 52.8 52.7 52.6 52.4 52.2 52.0 51.8 51.6 51.3 51.1 50.8 50.5 50.2 49.9 49.6 49.3 49.0 48.7 48.5 48.2 47.9 47.7 47.4 47.2 47.0 46.8 46.7 46.5 46.4 46.3 46.2 46.1 46.0 
44.1 44.1 44.2 44.3 44.4 44.5 44.7 44.9 45.1 45.3 45.5 45.8 46.1 46.3 46.6 46.9 47.3 47.6 47.9 48.3 48.6 49.0 49.3 49.7 50.0 50.3 50.6 50.9 51.2 51.5 51.8 52.0 52.2 52.4 52.5 52.7 52.8 52.9 52.9 52.9 52.9 52.9 52.8 52.7 52.6 52.4 52.2 52.0 51.8 51.6 51.3 51.1 50.8 50.5 50.2 49.9 49.6 49.3 49.0 48.7 48.5 48.2 47.9 47.7 47.4 47.2 47.0 46.8 46.7 46.5 46.4 46.3 46.2 46.1 46.0 
44.0 44.1 44.2 44.3 44.4 44.5 44.7 44.9 45.1 45.3 45.5 45.8 46.0 46.3 46.6 46.9 47.3 47.6 47.9 48.3 48.6 49.0 49.3 49.6 50.0 50.3 50.6 50.9 51.2 51.5 51.7 52.0 52.2 52.4 52.5 52.7 52.8 52.8 52.9 52.9 52.9 52.8 52.8 52.7 52.5 52.4 52.2 52.0 51.8 51.6 51.3 51.1 50.8 50.5 50.2 49.9 49.6 49.3 49.0 48.7 48.4 48.2 47.9 47.7 47.4 47.2 47.0 46.8 46.6 46.5 46.4 46.2 46.1 46.1 46.0 
# z = 0.114
44.0 44.1 44.2 44.2 44.4 44.5 44.7 44.8 45.0 45.3 45.5 45.7 46.0 46.3 46.6 46.9 47.2 47.5 47.9 48.2 48.5 48.9 49.2 49.5 49.9 50.2 50.5 50.8 51.1 51.4 51.6 51.8 52.0 52.2 52.4 52.5 52.6 52.7 52.7 52.7 52.7 52.7 52.6 52.5 52.4 52.2 52.1 51.9 51.7 51.4 51.2 50.9 50.7 50.4 50.1 49.8 49.5 49.2 49.0 48.7 48.4 48.1 47.9 47.6 47.4 47.2 47.0 46.8 46.6 46.5 46.3 46.2 46.1 46.1 46.0 
44.0 44.1 44.2 44.3 44.4 44.5 44.7 44.9 45.1 45.3 45.5 45.8 46.0 46.3 46.6 46.9 47.2 47.5 47.9 48.2 48.5 48.9 49.2 49.6 49.9 50.2 50.5 50.8 51.1 51.4 51.6 51.8 52.0 52.2 52.4 52.5 52.6 52.7 52.7 52.7 52.7 52.7 52.6 52.5 52.4 52.3 52.1 51.9 51.7 51.5 51.2 51.0 50.7 50.4 50.1 49.8 49.5 49.3 49.0 48.7 48.4 48.1 47.9 47.6 47.4 47.2 47.0 46.8 46.6 46.5 46.3 46.2 46.1 46.1 46.0 
44.0 44.1 44.2 44.3 44.4 44.5 44.7 44.9 45.1 45.3 45.5 45.8 46.0 46.3 46.6 46.9 47.2 47.5 47.9 48.2 48.5 48.9 49.2 49.6 49.9 50.2 50.5 50.8 51.1 51.4 51.6 51.8 52.0 52.2 52.4 52.5 52.6 52.7 52.7 52.7 52.7 52.7 52.6 52.5 52.4 52.3 52.1 51.9 51.7 51.5 51.2 51.0 50.7 50.4 50.1 49.8 49.5 49.3 49.0 48.7 48.4 48.1 47.9 47.6 47.4 47.2 47.0 46.8 46.6 46.5 46.3 46.2 46.1 46.1 46.0 
44.0 44.1 44.2 44.2 44.4 44.5 44.7 44.8 45.0 45.3 45.5 45.7 46.0 46.3 46.6 46.9 47.2 47.5 47.9 48.2 48.5 48.9 49.2 49.5 49.9 50.2 50.5 50.8 51.1 51.4 51.6 51.8 52.0 52.2 52.4 52.5 52.6 52.7 52.7 52.7 52.7 52.7 52.6 52.5 52.4 52.2 52.1 51.9 51.7 51.4 51.2 50.9 50.7 50.4 50.1 49.8 49.5 49.2 49.0 48.7 48.4 48.1 47.9 47.6 47.4 47.2 47.0 46.8 46.6 46.5 46.3 46.2 46.1 46.1 46.0 
# z = 0.116
44.0 44.1 44.1 44.2 44.3 44.5 44.6 44.8 45.0 45.2 45.5 45.7 46.0 46.3 46.5 46.8 47.2 47.5 47.8 48.1 48.5 48.8 49.1 49.5 49.8 50.1 50.4 50.7 51.0 51.3 51.5 51.7 51.9 52.1 52.3 52.4 52.5 52.6 52.6 52.6 52.6 52.6 52.5 52.4 52.3 52.1 52.0 51.8 51.6 51.4 51.1 50.9 50.6 50.3 50.0 49.8 49.5 49.2 48.9 48.6 48.4 48.1 47.8 47.6 47.4 47.1 46.9 46.8 46.6 46.4 46.3 46.2 46.1 46.0 46.0 
44.0 44.1 44.2 44.2 44.4 44.5 44.7 44.8 45.0 45.2 45.5 45.7 46.0 46.3 46.6 46.9 47.2 47.5 47.8 48.2 48.5 48.8 49.2 49.5 49.8 50.1 50.4 50.7 51.0 51.3 51.5 51.7 51.9 52.1 52.3 52.4 52.5 52.6 52.6 52.6 52.6 52.6 52.5 52.4 52.3 52.2 52.0 51.8 51.6 51.4 51.1 50.9 50.6 50.3 50.1 49.8 49.5 49.2 48.9 48.6 48.4 48.1 47.8 47.6 47.4 47.2 47.0 46.8 46.6 46.5 46.3 46.2 46.1 46.1 46.0 
44.0 44.1 44.2 44.2 44.4 44.5 44.7 44.8 45.0 45.2 45.5 45.7 46.0 46.3 46.6 46.9 47.2 47.5 47.8 48.2 48.5 48.8 49.2 49.5 49.8 50.1 50.4 50.7 51.0 51.3 51.5 51.7 51.9 52.1 52.3 52.4 52.5 52.6 52.6 52.6 52.6 52.6 52.5 52.4 52.3 52.2 52.0 51.8 51.6 51.4 51.1 50.9 50.6 50.3 50.1 49.8 49.5 49.2 48.9 48.6 48.4 48.1 47.8 47.6 47.4 47.2 47.0 46.8 46.6 46.5 46.3 46.2 46.1 46.1 46.0 
44.0 44.1 44.1 44.2 44.3 44.5 44.6 44.8 45.0 45.2 45.5 45.7 46.0 46.3 46.5 46.8 47.2 47.5 47.8 48.1 48.5 48.8 49.1 49.5 49.8 50.1 50.4 50.7 51.0 51.3 51.5 51.7 51.9 52.1 52.3 52.4 52.5 52.6 52.6 52.6 52.6 52.6 52.5 52.4 52.3 52.1 52.0 51.8 51.6 51.4 51.1 50.9 50.6 50.3 50.0 49.8 49.5 49.2 48.9 48.6 48.4 48.1 47.8 47.6 47.4 47.1 46.9 46.8 46.6 46.4 46.3 46.2 46.1 46.0 46.0 
# z = 0.118
44.0 44.0 44.1 44.2 44.3 44.5 44.6 44.8 45.0 45.2 45.4 45.7 45.9 46.2 46.5 46.8 47.1 47.4 47.8 48.1 48.4 48.8 49.1 49.4 49.7 50.1 50.4 50.7 50.9 51.2 51.4 51.7 51.9 52.0 52.2 52.3 52.4 52.5 52.5 52.5 52.5 52.5 52.4 52.3 52.2 52.1 51.9 51.7 51.5 51.3 51.1 50.8 50.5 50.3 50.0 49.7 49.4 49.1 48.9 48.6 48.3 48.0 47.8 47.6 47.3 47.1 46.9 46.7 46.6 46.4 46.3 46.2 46.1 46.0 46.0 
44.0 44.1 44.1 44.2 44.3 44.5 44.6 44.8 45.0 45.2 45.4 45.7 46.0 46.2 46.5 46.8 47.1 47.5 47.8 48.1 48.4 48.8 49.1 49.4 49.8 50.1 50.4 50.7 50.9 51.2 51.4 51.7 51.9 52.0 52.2 52.3 52.4 52.5 52.5 52.6 52.5 52.5 52.4 52.3 52.2 52.1 51.9 51.7 51.5 51.3 51.1 50.8 50.6 50.3 50.0 49.7 49.4 49.2 48.9 48.6 48.3 48.1 47.8 47.6 47.3 47.1 46.9 46.7 46.6 46.4 46.3 46.2 46.1 46.0 46.0 
44.0 44.1 44.1 44.2 44.3 44.5 44.6 44.8 45.0 45.2 45.4 45.7 46.0 46.2 46.5 46.8 47.1 47.5 47.8 48.1 48.4 48.8 49.1 49.4 49.8 50.1 50.4 50.7 50.9 51.2 51.4 51.7 51.9 52.0 52.2 52.3 52.4 52.5 52.5 52.6 52.5 52.5 52.4 52.3 52.2 52.1 51.9 51.7 51.5 51.3 51.1 50.8 50.6 50.3 50.0 49.7 49.4 49.2 48.9 48.6 48.3 48.1 47.8 47.6 47.3 47.1 46.9 46.7 46.6 46.4 46.3 46.2 46.1 46.0 46.0 
44.0 44.0 44.1 44.2 44.3 44.5 44.6 44.8 45.0 45.2 45.4 45.7 45.9 46.2 46.5 46.8 47.1 47.4 47.8 48.1 48.4 48.8 49.1 49.4 49.7 50.1 50.4 50.7 50.9 51.2 51.4 51.7 51.9 52.0 52.2 52.3 52.4 52.5 52.5 52.5 52.5 52.5 52.4 52.3 52.2 52.1 51.9 51.7 51.5 51.3 51.1 50.8 50.5 50.3 50.0 49.7 49.4 49.1 48.9 48.6 48.3 48.0 47.8 47.6 47.3 47.1 46.9 46.7 46.6 46.4 46.3 46.2 46.1 46.0 46.0 

